0	2.22389E-15	1.33281E-14	-3.61523E-14	8.71071E-14	-9.97663E-14	6.87496E-14	-6.76993E-14	3.2209E-14
0.05	5.45573E-13	-5.61083E-13	6.07715E-13	-7.00529E-13	7.17577E-13	-7.07136E-13	6.35836E-13	-5.37954E-13
0.1	7.60732E-13	-5.44561E-13	5.88794E-13	-5.15725E-13	5.40073E-13	-5.77109E-13	5.68488E-13	-8.20694E-13
0.15	9.22309E-13	-8.12219E-13	1.00716E-12	-9.8351E-13	9.25093E-13	-9.14887E-13	7.40715E-13	-8.84662E-13
0.2	-7.88313E-14	1.41277E-13	-1.63918E-13	1.92037E-13	-1.11321E-13	8.48218E-14	-2.42955E-14	-3.97706E-14
0.25	5.15915E-13	-3.98186E-13	4.93443E-13	-4.86425E-13	5.48977E-13	-6.00812E-13	4.80385E-13	-5.53297E-13
0.3	3.06557E-14	-9.62861E-14	1.29099E-13	-1.31021E-13	7.34699E-14	-2.07998E-14	-2.42375E-14	3.91199E-14
0.35	5.90481E-14	-3.8123E-14	-1.55786E-14	4.05715E-15	-2.10312E-14	3.23733E-15	-2.81358E-14	3.65261E-14
0.4	-7.57873E-14	7.01283E-14	-2.6157E-14	2.97044E-14	3.76707E-14	-2.04306E-14	5.8724E-14	-7.38525E-14
0.45	-8.26606E-13	6.23889E-13	-7.13405E-13	7.11509E-13	-7.0074E-13	7.23097E-13	-6.49355E-13	8.31612E-13
0.5	-8.0452E-14	4.01942E-14	7.26505E-14	-8.0143E-14	8.23931E-14	-3.26232E-14	2.76695E-14	-2.9689E-14
0.55	-7.01257E-13	6.88178E-13	-7.85141E-13	8.13922E-13	-8.75652E-13	8.17342E-13	-7.67164E-13	8.09772E-13
0.6	7.21928E-14	-8.13493E-14	-3.84768E-14	2.87962E-14	2.99372E-14	1.31143E-14	1.96289E-13	-2.20504E-13
0.65	-4.86329E-14	5.64053E-14	-4.10957E-14	5.02328E-14	1.68525E-14	-3.63127E-14	5.94195E-14	-5.68688E-14
0.7	1.31442E-14	5.27635E-14	-1.09192E-13	1.28498E-13	-1.35547E-13	1.12167E-13	-1.26557E-13	6.47234E-14
0.75	-4.85941E-13	3.78678E-13	-3.76238E-13	3.76468E-13	-3.23482E-13	3.43299E-13	-2.99091E-13	3.86306E-13
0.8	8.37628E-14	-6.6119E-14	9.42813E-14	-7.32431E-14	3.65784E-14	-5.66544E-14	-2.20644E-14	3.45839E-15
0.85	8.69519E-14	-8.45497E-14	2.57142E-14	-3.8889E-14	1.00805E-14	-4.21888E-14	-2.44646E-14	6.73455E-14
0.9	-2.72258E-15	-9.66206E-15	-7.78362E-14	6.34883E-14	-8.29314E-14	1.2191E-13	-4.90659E-14	3.68193E-14
0.95	-2.35211E-14	6.16792E-14	-6.53565E-14	6.45816E-14	-6.40969E-14	7.44224E-14	-4.90126E-14	1.30395E-15
1	4.63442E-14	-6.00886E-14	7.4324E-14	-8.45517E-14	1.21417E-14	-4.986E-14	1.8661E-14	4.30294E-14
1.05	-1.58894E-14	-1.95923E-14	6.57703E-14	-4.47848E-15	8.55735E-17	-2.60546E-14	-7.6838E-14	7.69969E-14
1.1	5.83492E-14	-5.01431E-14	3.50536E-15	4.38175E-14	-8.53405E-14	2.30892E-14	-3.0587E-14	3.73094E-14
1.15	-2.77459E-15	-7.80338E-14	8.54386E-14	-1.38427E-13	2.20906E-13	-1.54175E-13	1.63969E-13	-9.69038E-14
1.2	3.36578E-14	-2.62383E-14	-2.75876E-15	-1.214E-15	-3.08755E-14	2.42787E-14	-6.85564E-14	7.17064E-14
1.25	-2.88733E-14	3.9229E-14	-4.42824E-15	-1.4917E-14	8.4684E-15	-6.5853E-15	9.74448E-15	-2.63802E-15
1.3	4.01723E-14	-1.94654E-14	-8.59803E-15	2.09193E-14	-7.74908E-14	6.79135E-14	-9.83735E-14	7.49226E-14
1.35	4.7803E-14	-5.14129E-14	9.55103E-15	-1.74029E-14	-8.08222E-15	8.82218E-15	-9.59452E-15	2.03163E-14
1.4	-3.02191E-14	7.36389E-15	2.40809E-15	3.26429E-14	1.40132E-14	-1.90281E-14	2.15269E-14	-2.87079E-14
1.45	-6.724E-14	4.78757E-14	1.04526E-14	1.79067E-14	2.19466E-15	2.83696E-14	2.79111E-14	-6.74703E-14
1.5	5.80372E-14	-4.83476E-14	-3.18678E-15	9.15628E-15	-3.26984E-14	1.67895E-14	-3.57385E-14	3.59883E-14
1.55	-1.19612E-13	1.309E-13	-5.66836E-14	3.98488E-14	3.49189E-14	-5.05974E-15	5.3336E-14	-7.76489E-14
1.6	2.48619E-14	-3.30128E-14	3.05503E-14	-3.40553E-14	-1.6272E-14	2.60593E-14	-3.40994E-14	3.5968E-14
1.65	2.70177E-15	-2.22577E-14	-1.26074E-15	1.76427E-14	1.82253E-14	-1.11821E-14	1.03547E-15	-4.90468E-15
1.7	3.36131E-15	-6.55614E-15	-2.01752E-14	1.20164E-14	1.80495E-14	-2.52264E-14	3.19163E-14	-1.33858E-14
1.75	5.07463E-14	-9.75342E-14	7.64298E-14	-1.97727E-14	-1.07859E-14	3.55303E-15	-1.05892E-13	1.03255E-13
1.8	-2.76914E-14	-6.5821E-15	1.075E-13	-1.6676E-13	1.31978E-13	-9.44822E-14	1.01168E-13	-4.51299E-14
1.85	7.10344E-14	-8.34648E-14	6.28341E-14	-3.0862E-14	-5.57487E-14	4.5019E-14	-9.06101E-14	8.17981E-14
1.9	-1.49362E-14	3.71863E-14	-3.15544E-14	2.59275E-14	-3.14643E-14	2.92114E-14	4.44435E-17	-1.44148E-14
1.95	1.14197E-14	-7.40349E-16	-2.12144E-14	-6.88474E-15	-1.25808E-14	4.077E-14	-4.42938E-14	3.35244E-14
2	5.57707E-14	-5.73443E-14	3.7044E-14	-3.69476E-14	-2.28928E-14	1.29112E-14	-7.66006E-14	8.80595E-14
2.05	-2.62611E-14	4.15061E-14	-2.87244E-14	2.49176E-14	1.60756E-15	-3.56426E-14	7.25303E-14	-4.99335E-14
2.1	-3.96561E-14	6.14622E-14	-5.45957E-14	7.08818E-14	-3.75801E-14	-6.89219E-15	7.02609E-14	-6.38809E-14
2.15	8.19194E-14	-7.30846E-14	-1.92945E-14	4.36725E-14	-6.68338E-14	3.61987E-14	-5.91666E-14	5.65889E-14
2.2	5.25767E-14	-7.18576E-14	2.50361E-14	-1.4779E-14	8.20545E-15	-9.88076E-15	-5.04429E-14	6.11421E-14
2.25	-1.9548E-14	1.54244E-14	1.68367E-14	-3.15902E-14	1.89453E-14	-1.3769E-14	-2.10879E-14	3.47887E-14
2.3	5.64698E-14	-4.16315E-14	-1.79996E-15	-2.27832E-14	-3.2823E-14	3.94805E-14	-4.77201E-14	5.08073E-14
2.35	8.23198E-14	-7.86252E-14	8.03547E-14	-9.50426E-14	-1.06234E-14	2.71871E-14	-1.69409E-13	1.63839E-13
2.4	2.50605E-14	-3.47005E-14	2.05722E-14	-6.85783E-14	6.21482E-14	-2.25075E-14	2.99752E-14	-1.19699E-14
2.45	-4.02178E-14	2.37901E-14	1.53485E-14	-4.58032E-15	2.508E-14	-1.77483E-14	-4.08703E-15	2.41476E-15
2.5	-5.90614E-14	6.4561E-14	-1.1024E-14	-1.7438E-14	4.51081E-14	-1.26861E-14	2.19768E-14	-3.14364E-14
2.55	-2.25669E-14	4.76156E-14	-2.69362E-14	-1.30821E-14	2.25625E-14	-1.16663E-15	6.95152E-15	-1.33777E-14
2.6	5.24701E-14	-3.90749E-14	-7.52517E-15	1.10664E-14	-2.27732E-14	5.76362E-15	-3.2561E-14	3.26342E-14
2.65	-1.04034E-14	-1.866E-14	4.05488E-14	-1.20515E-14	2.57796E-14	-3.3836E-14	-2.34075E-14	3.20301E-14
2.7	2.3282E-14	-8.0498E-14	1.26021E-13	-1.5713E-13	1.33813E-13	-9.99847E-14	6.4251E-14	-9.75475E-15
2.75	1.66114E-14	2.31318E-14	-2.81288E-14	-1.92068E-14	1.30104E-14	-2.35211E-15	-9.31559E-16	-2.1343E-15
2.8	1.11391	-0.54469	0.48716	-0.06639	-0.06639	0.48716	-0.54469	1.11391
2.85	1.11391	-0.54469	0.48716	-0.06639	-0.06639	0.48716	-0.54469	1.11391
2.9	1.11391	-0.54469	0.48716	-0.06639	-0.06639	0.48716	-0.54469	1.11391
2.95	1.11391	-0.54469	0.48716	-0.06639	-0.06639	0.48716	-0.54469	1.11391
3	1.11391	-0.54469	0.48716	-0.06639	-0.06639	0.48716	-0.54469	1.11391
3.05	1.11391	-0.54469	0.48716	-0.06639	-0.06639	0.48716	-0.54469	1.11391
3.1	1.11391	-0.54469	0.48716	-0.06639	-0.06639	0.48716	-0.54469	1.11391
3.15	1.11391	-0.54469	0.48716	-0.06639	-0.06639	0.48716	-0.54469	1.11391
3.2	1.11391	-0.54469	0.48716	-0.06639	-0.06639	0.48716	-0.54469	1.11391
3.25	1.11391	-0.54469	0.48716	-0.06639	-0.06639	0.48716	-0.54469	1.11391
3.3	1.11391	-0.54469	0.48716	-0.06639	-0.06639	0.48716	-0.54469	1.11391
3.35	1.11391	-0.54469	0.48716	-0.06639	-0.06639	0.48716	-0.54469	1.11391
3.4	1.11391	-0.54469	0.48716	-0.06639	-0.06639	0.48716	-0.54469	1.11391
3.45	1.11391	-0.54469	0.48716	-0.06639	-0.06639	0.48716	-0.54469	1.11391
3.5	1.11391	-0.54469	0.48716	-0.06639	-0.06639	0.48716	-0.54469	1.11391
3.55	1.11391	-0.54469	0.48716	-0.06639	-0.06639	0.48716	-0.54469	1.11391
3.6	1.11391	-0.54469	0.48716	-0.06639	-0.06639	0.48716	-0.54469	1.11391
3.65	1.11391	-0.54469	0.48716	-0.06639	-0.06639	0.48716	-0.54469	1.11391
3.7	1.11391	-0.54469	0.48716	-0.06639	-0.06639	0.48716	-0.54469	1.11391
3.75	1.11391	-0.54469	0.48716	-0.06639	-0.06639	0.48716	-0.54469	1.11391
3.8	1.11391	-0.54469	0.48716	-0.06639	-0.06639	0.48716	-0.54469	1.11391
3.85	1.11391	-0.54469	0.48716	-0.06639	-0.06639	0.48716	-0.54469	1.11391
3.9	1.11391	-0.54469	0.48716	-0.06639	-0.06639	0.48716	-0.54469	1.11391
3.95	1.11391	-0.54469	0.48716	-0.06639	-0.06639	0.48716	-0.54469	1.11391
4	1.11391	-0.54469	0.48716	-0.06639	-0.06639	0.48716	-0.54469	1.11391
4.05	1.11391	-0.54469	0.48716	-0.06639	-0.06639	0.48716	-0.54469	1.11391
4.1	1.11391	-0.54469	0.48716	-0.06639	-0.06639	0.48716	-0.54469	1.11391
4.15	1.11391	-0.54469	0.48716	-0.06639	-0.06639	0.48716	-0.54469	1.11391
4.2	1.11391	-0.54469	0.48716	-0.06639	-0.06639	0.48716	-0.54469	1.11391
4.25	1.11391	-0.54469	0.48716	-0.06639	-0.06639	0.48716	-0.54469	1.11391
4.3	1.11391	-0.54469	0.48716	-0.06639	-0.06639	0.48716	-0.54469	1.11391
4.35	1.11391	-0.54469	0.48716	-0.06639	-0.06639	0.48716	-0.54469	1.11391
4.4	1.11391	-0.54469	0.48716	-0.06639	-0.06639	0.48716	-0.54469	1.11391
4.45	1.11391	-0.54469	0.48716	-0.06639	-0.06639	0.48716	-0.54469	1.11391
4.5	1.11391	-0.54469	0.48716	-0.06639	-0.06639	0.48716	-0.54469	1.11391
4.55	1.11391	-0.54469	0.48716	-0.06639	-0.06639	0.48716	-0.54469	1.11391
4.6	1.11391	-0.54469	0.48716	-0.06639	-0.06639	0.48716	-0.54469	1.11391
4.65	1.11391	-0.54469	0.48716	-0.06639	-0.06639	0.48716	-0.54469	1.11391
4.7	1.11391	-0.54469	0.48716	-0.06639	-0.06639	0.48716	-0.54469	1.11391
4.75	1.11391	-0.54469	0.48716	-0.06639	-0.06639	0.48716	-0.54469	1.11391
4.8	1.11391	-0.54469	0.48716	-0.06639	-0.06639	0.48716	-0.54469	1.11391
4.85	1.11391	-0.54469	0.48716	-0.06639	-0.06639	0.48716	-0.54469	1.11391
4.9	1.11391	-0.54469	0.48716	-0.06639	-0.06639	0.48716	-0.54469	1.11391
4.95	1.11391	-0.54469	0.48716	-0.06639	-0.06639	0.48716	-0.54469	1.11391
5	1.11391	-0.54469	0.48716	-0.06639	-0.06639	0.48716	-0.54469	1.11391
5.05	1.11391	-0.54469	0.48716	-0.06639	-0.06639	0.48716	-0.54469	1.11391
5.1	1.11391	-0.54469	0.48716	-0.06639	-0.06639	0.48716	-0.54469	1.11391
5.15	1.11391	-0.54469	0.48716	-0.06639	-0.06639	0.48716	-0.54469	1.11391
5.2	1.11391	-0.54469	0.48716	-0.06639	-0.06639	0.48716	-0.54469	1.11391
5.25	1.11391	-0.54469	0.48716	-0.06639	-0.06639	0.48716	-0.54469	1.11391
5.3	1.11391	-0.54469	0.48716	-0.06639	-0.06639	0.48716	-0.54469	1.11391
5.35	1.11391	-0.54469	0.48716	-0.06639	-0.06639	0.48716	-0.54469	1.11391
5.4	1.11391	-0.54469	0.48716	-0.06639	-0.06639	0.48716	-0.54469	1.11391
5.45	1.11391	-0.54469	0.48716	-0.06639	-0.06639	0.48716	-0.54469	1.11391
5.5	1.11391	-0.54469	0.48716	-0.06639	-0.06639	0.48716	-0.54469	1.11391
5.55	1.11391	-0.54469	0.48716	-0.06639	-0.06639	0.48716	-0.54469	1.11391
5.6	1.11391	-0.54469	0.48716	-0.06639	-0.06639	0.48716	-0.54469	1.11391
5.65	1.11391	-0.54469	0.48716	-0.06639	-0.06639	0.48716	-0.54469	1.11391
5.7	1.11391	-0.54469	0.48716	-0.06639	-0.06639	0.48716	-0.54469	1.11391
5.75	1.11391	-0.54469	0.48716	-0.06639	-0.06639	0.48716	-0.54469	1.11391
5.8	1.11391	-0.54469	0.48716	-0.06639	-0.06639	0.48716	-0.54469	1.11391
5.85	1.11391	-0.54469	0.48716	-0.06639	-0.06639	0.48716	-0.54469	1.11391
5.9	1.11391	-0.54469	0.48716	-0.06639	-0.06639	0.48716	-0.54469	1.11391
5.95	1.11391	-0.54469	0.48716	-0.06639	-0.06639	0.48716	-0.54469	1.11391
6	1.11391	-0.54469	0.48716	-0.06639	-0.06639	0.48716	-0.54469	1.11391
6.05	1.11391	-0.54469	0.48716	-0.06639	-0.06639	0.48716	-0.54469	1.11391
6.1	1.11391	-0.54469	0.48716	-0.06639	-0.06639	0.48716	-0.54469	1.11391
6.15	1.11391	-0.54469	0.48716	-0.06639	-0.06639	0.48716	-0.54469	1.11391
6.2	1.11391	-0.54469	0.48716	-0.06639	-0.06639	0.48716	-0.54469	1.11391
6.25	1.11391	-0.54469	0.48716	-0.06639	-0.06639	0.48716	-0.54469	1.11391
6.3	1.11391	-0.54469	0.48716	-0.06639	-0.06639	0.48716	-0.54469	1.11391
6.35	1.11391	-0.54469	0.48716	-0.06639	-0.06639	0.48716	-0.54469	1.11391
6.4	1.11391	-0.54469	0.48716	-0.06639	-0.06639	0.48716	-0.54469	1.11391
6.45	1.11391	-0.54469	0.48716	-0.06639	-0.06639	0.48716	-0.54469	1.11391
6.5	1.11391	-0.54469	0.48716	-0.06639	-0.06639	0.48716	-0.54469	1.11391
6.55	1.11391	-0.54469	0.48716	-0.06639	-0.06639	0.48716	-0.54469	1.11391
6.6	1.11391	-0.54469	0.48716	-0.06639	-0.06639	0.48716	-0.54469	1.11391
6.65	1.11391	-0.54469	0.48716	-0.06639	-0.06639	0.48716	-0.54469	1.11391
6.7	1.11391	-0.54469	0.48716	-0.06639	-0.06639	0.48716	-0.54469	1.11391
6.75	1.11391	-0.54469	0.48716	-0.06639	-0.06639	0.48716	-0.54469	1.11391
6.8	1.11391	-0.54469	0.48716	-0.06639	-0.06639	0.48716	-0.54469	1.11391
6.85	1.11391	-0.54469	0.48716	-0.06639	-0.06639	0.48716	-0.54469	1.11391
6.9	1.11391	-0.54469	0.48716	-0.06639	-0.06639	0.48716	-0.54469	1.11391
6.95	1.81581	-0.86048	0.98667	0.03801	0.03801	0.98667	-0.86048	1.81581
7	1.81581	-0.86048	0.98667	0.03801	0.03801	0.98667	-0.86048	1.81581
7.05	1.81581	-0.86048	0.98667	0.03801	0.03801	0.98667	-0.86048	1.81581
7.1	1.81581	-0.86048	0.98667	0.03801	0.03801	0.98667	-0.86048	1.81581
7.15	1.81581	-0.86048	0.98667	0.03801	0.03801	0.98667	-0.86048	1.81581
7.2	1.81581	-0.86048	0.98667	0.03801	0.03801	0.98667	-0.86048	1.81581
7.25	1.81581	-0.86048	0.98667	0.03801	0.03801	0.98667	-0.86048	1.81581
7.3	1.81581	-0.86048	0.98667	0.03801	0.03801	0.98667	-0.86048	1.81581
7.35	1.81581	-0.86048	0.98667	0.03801	0.03801	0.98667	-0.86048	1.81581
7.4	1.81581	-0.86048	0.98667	0.03801	0.03801	0.98667	-0.86048	1.81581
7.45	1.81581	-0.86048	0.98667	0.03801	0.03801	0.98667	-0.86048	1.81581
7.5	1.81581	-0.86048	0.98667	0.03801	0.03801	0.98667	-0.86048	1.81581
7.55	1.81581	-0.86048	0.98667	0.03801	0.03801	0.98667	-0.86048	1.81581
7.6	1.81581	-0.86048	0.98667	0.03801	0.03801	0.98667	-0.86048	1.81581
7.65	1.81581	-0.86048	0.98667	0.03801	0.03801	0.98667	-0.86048	1.81581
7.7	1.81581	-0.86048	0.98667	0.03801	0.03801	0.98667	-0.86048	1.81581
7.75	1.81581	-0.86048	0.98667	0.03801	0.03801	0.98667	-0.86048	1.81581
7.8	1.81581	-0.86048	0.98667	0.03801	0.03801	0.98667	-0.86048	1.81581
7.85	1.81581	-0.86048	0.98667	0.03801	0.03801	0.98667	-0.86048	1.81581
7.9	1.81581	-0.86048	0.98667	0.03801	0.03801	0.98667	-0.86048	1.81581
7.95	1.81581	-0.86048	0.98667	0.03801	0.03801	0.98667	-0.86048	1.81581
8	1.81581	-0.86048	0.98667	0.03801	0.03801	0.98667	-0.86048	1.81581