32	0.5848753
32.05	0.7362812
32.1	0.5301375
32.15	0.1413107
32.2	-0.1739268
32.25	-0.3583695
32.3	-0.2838743
32.35	-0.1253845
32.4	-9.680624E-02
32.45	-0.1799076
32.5	-0.1824701
32.55	-0.1364152
32.6	-0.1739708
32.65	-0.1547394
32.7	-0.1288766
32.75	-0.1883595
32.8	-0.2827439
32.85	-0.2651254
32.9	-0.4061983
32.95	-0.5612567
33	-0.5678881
33.05	-0.5612743
33.1	-0.5161141
33.15	-0.5380838
33.2	-0.5706599
33.25	-0.5314034
33.3	-0.3713143
33.35	-0.2460113
33.4	-0.1619637
33.45	-0.1236294
33.5	-0.1599639
33.55	-0.1579979
33.6	-0.192164
33.65	-0.2496528
33.7	-0.2513178
33.75	-0.246174
33.8	-0.2258388
33.85	-9.428294E-02
33.9	-2.560049E-02
33.95	5.445227E-02
34	0.1264702
34.05	0.2022881
34.1	0.1776218
34.15	0.1531983
34.2	8.578596E-02
34.25	1.942711E-03
34.3	7.686999E-02
34.35	0.2395609
34.4	0.3317761
34.45	0.1328197
34.5	5.195393E-04
34.55	-0.2119343
34.6	-0.2471578
34.65	-9.457889E-02
34.7	-2.896265E-02
34.75	-0.1205078
34.8	-0.2020751
34.85	-0.1561887
34.9	4.390309E-04
34.95	0.1559416
35	0.2010907
35.05	3.506673E-02
35.1	-0.2560412
35.15	-0.4143334
35.2	-0.3341066
35.25	-5.704768E-02
35.3	6.543364E-02
35.35	8.666866E-02
35.4	9.66746E-03
35.45	-8.216535E-02
35.5	-7.856908E-02
35.55	-8.025651E-02
35.6	1.680488E-02
35.65	0.1929511
35.7	0.2500939
35.75	0.2829008
35.8	0.157027
35.85	-0.0815525
35.9	-0.2646557
35.95	-0.1604678
36	-3.407087E-02
36.05	0.1062318
36.1	0.1732682
36.15	2.661897E-02
36.2	-0.1489903
36.25	-0.272107
36.3	-0.2682637
36.35	-0.1996039
36.4	5.997377E-02
36.45	5.352074E-02
36.5	3.584771E-02
36.55	1.062789E-02
36.6	-6.653619E-02
36.65	-9.907646E-02
36.7	-0.0155943
36.75	-1.558322E-02
36.8	4.183818E-02
36.85	9.744532E-02
36.9	0.113844
36.95	0.0507864
37	-3.114496E-02
37.05	-0.1055508
37.1	-0.1638218
37.15	-0.2840867
37.2	-0.4428459
37.25	-0.4480824
37.3	-0.3933678
37.35	-0.3066356
37.4	-0.3367479
37.45	-0.2741971
37.5	-0.1927564
37.55	0.0366434
37.6	0.2465913
37.65	0.2811717
37.7	0.1001579
37.75	-0.1547849
37.8	-0.1984625
37.85	-0.2645013
37.9	-0.2073469
37.95	-0.1654425
38	-0.1467054
38.05	-0.1210002
38.1	-0.1343071
38.15	-0.0949889
38.2	-6.852856E-02
38.25	-3.227427E-02
38.3	-0.1252684
38.35	-0.1660578
38.4	-0.1428799
38.45	-0.1348087
38.5	-0.1257954
38.55	-0.1716125
38.6	-0.2089552
38.65	-0.2068158
38.7	-0.1244954
38.75	-5.935776E-02
38.8	-0.1005017
38.85	-0.2375622
38.9	-0.3540006
38.95	-0.4025953
39	-0.3632476
39.05	-0.2375337
39.1	-0.1496074
39.15	-0.1092538
39.2	-0.1120327
39.25	-0.1386991
39.3	-2.480455E-02
39.35	0.1689149
39.4	0.2333155
39.45	0.1606163
39.5	0.1224231
39.55	2.375555E-02
39.6	-8.074744E-02
39.65	-4.390585E-02
39.7	-2.880326E-02
39.75	-9.353886E-02
39.8	-2.118408E-02
39.85	-1.937376E-02
39.9	-0.0528029
39.95	5.753683E-02
40	0.1471101
40.05	0.2345879
40.1	0.2400252
40.15	0.2950725
40.2	0.24296
40.25	0.3168057
40.3	0.3817242
40.35	0.3012357
40.4	0.215721
40.45	0.10516
40.5	0.1286484
40.55	8.470047E-02
40.6	0.1897081
40.65	0.1574699
40.7	0.1989699
40.75	0.215758
40.8	0.3395831
40.85	0.4195541
40.9	0.4771809
40.95	0.5218939
41	0.4856998
41.05	0.4724544
41.1	0.3196761
41.15	0.3207446
41.2	0.4595101
41.25	0.7858774
41.3	0.9791293
41.35	1.15063
41.4	1.13651
41.45	0.9549322
41.5	0.957679
41.55	1.051646
41.6	1.038026
41.65	0.9429343
41.7	0.9077854
41.75	0.8809278
41.8	0.8966124
41.85	1.003367
41.9	0.9867652
41.95	0.9390951
42	1.074795
42.05	1.277153
42.1	1.40195
42.15	1.451862
42.2	1.455979
42.25	1.467389
42.3	1.545593
42.35	1.674512
42.4	1.83646
42.45	2.28617
42.5	3.541834
42.55	6.369401
42.6	11.62465
42.65	21.51647
42.7	36.73316
42.75	57.40659
42.8	82.20175
42.85	108.2612
42.9	130.8698
42.95	145.462
43	148.7846
43.05	138.4299
43.1	118.4226
43.15	93.09827
43.2	67.50322
43.25	45.16673
43.3	28.37835
43.35	17.40146
43.4	11.22568
43.45	8.412217
43.5	7.282198
43.55	6.995113
43.6	6.974093
43.65	7.01525
43.7	6.965455
43.75	6.725096
43.8	6.682485
43.85	6.737192
43.9	7.008527
43.95	7.380782
44	7.717633
44.05	8.008883
44.1	8.142264
44.15	8.317698
44.2	8.315833
44.25	8.420781
44.3	8.521543
44.35	8.816488
44.4	9.193295
44.45	9.419827
44.5	9.525025
44.55	9.645374
44.6	10.00629
44.65	10.20607
44.7	10.49874
44.75	10.72597
44.8	10.86052
44.85	11.14103
44.9	11.59624
44.95	12.07273
45	12.31119
45.05	12.87588
45.1	13.31064
45.15	13.77201
45.2	14.11303
45.25	14.34613
45.3	14.57086
45.35	14.75337
45.4	15.17044
45.45	15.4825
45.5	15.84904
45.55	16.16458
45.6	16.58367
45.65	17.03605
45.7	17.49664
45.75	17.92006
45.8	18.20137
45.85	18.24956
45.9	18.30647
45.95	18.36287
46	18.50346
46.05	18.91572
46.1	19.35378
46.15	19.83606
46.2	20.2714
46.25	20.77588
46.3	21.07988
46.35	21.47878
46.4	22.00787
46.45	22.44196
46.5	22.84105
46.55	23.02754
46.6	23.36343
46.65	23.74483
46.7	24.29691
46.75	24.8237
46.8	25.17297
46.85	25.38278
46.9	25.60394
46.95	25.91186
47	26.36974
47.05	26.98625
47.1	27.55935
47.15	27.91125
47.2	28.14979
47.25	28.48339
47.3	28.94275
47.35	29.53261
47.4	30.0397
47.45	30.43855
47.5	30.83624
47.55	31.21853
47.6	31.65401
47.65	31.89843
47.7	32.12861
47.75	32.36106
47.8	32.97308
47.85	33.5195
47.9	33.99493
47.95	34.42851
48	34.79015
48.05	35.26885
48.1	35.65308
48.15	36.04998
48.2	36.44927
48.25	36.84719
48.3	37.3693
48.35	37.88306
48.4	38.2485
48.45	38.52002
48.5	38.89413
48.55	39.45753
48.6	39.97907
48.65	40.46806
48.7	40.76326
48.75	40.9562
48.8	41.59261
48.85	42.11156
48.9	42.73094
48.95	43.39516
49	43.92789
49.05	44.03064
49.1	44.28961
49.15	44.83175
49.2	45.37995
49.25	45.88413
49.3	46.52623
49.35	46.73104
49.4	46.64888
49.45	46.99091
49.5	47.58575
49.55	48.33789
49.6	49.13435
49.65	49.84686
49.7	50.11793
49.75	50.30008
49.8	50.61782
49.85	51.29445
49.9	51.95107
49.95	52.42564
50	52.95142
50.05	53.23819
50.1	53.33232
50.15	53.74006
50.2	54.27855
50.25	54.35882
50.3	54.62643
50.35	55.12571
50.4	55.49451
50.45	56.15636
50.5	56.89029
50.55	57.34954
50.6	57.92062
50.65	58.60161
50.7	58.97499
50.75	59.29945
50.8	59.52882
50.85	59.6398
50.9	59.93815
50.95	60.39775
51	60.83191
51.05	61.54637
51.1	62.14029
51.15	62.57372
51.2	62.87545
51.25	62.95181
51.3	63.09047
51.35	63.39922
51.4	64.20576
51.45	64.75227
51.5	65.34264
51.55	65.99247
51.6	66.41709
51.65	66.79717
51.7	67.29894
51.75	67.75126
51.8	67.92665
51.85	68.27103
51.9	68.51286
51.95	68.58423
52	69.10782
52.05	69.63582
52.1	69.89074
52.15	70.35785
52.2	70.62921
52.25	70.51311
52.3	70.65642
52.35	71.00625
52.4	71.57693
52.45	72.49934
52.5	73.17466
52.55	73.43311
52.6	73.38744
52.65	73.35874
52.7	73.02064
52.75	73.19773
52.8	74.28306
52.85	74.71339
52.9	75.68706
52.95	76.48726
53	76.64648
53.05	76.41052
53.1	76.33949
53.15	76.87593
53.2	77.18202
53.25	78.17618
53.3	78.63383
53.35	78.5072
53.4	78.49374
53.45	78.88871
53.5	79.46926
53.55	79.66724
53.6	80.47141
53.65	81.0961
53.7	81.45394
53.75	81.77581
53.8	82.04066
53.85	81.79077
53.9	81.44194
53.95	81.84757
54	82.32018
54.05	82.63779
54.1	83.11349
54.15	83.44446
54.2	83.73335
54.25	84.27425
54.3	84.54449
54.35	85.43704
54.4	85.91107
54.45	86.3261
54.5	86.7239
54.55	86.91837
54.6	86.70336
54.65	86.5088
54.7	86.72265
54.75	86.92813
54.8	87.82416
54.85	88.4032
54.9	88.62337
54.95	88.8045
55	89.09311
55.05	89.21381
55.1	89.91228
55.15	90.257
55.2	90.31416
55.25	90.63546
55.3	90.91114
55.35	91.15477
55.4	91.10402
55.45	91.09949
55.5	90.90702
55.55	91.10987
55.6	91.75146
55.65	92.64839
55.7	93.3602
55.75	93.33363
55.8	93.34113
55.85	92.80659
55.9	92.06541
55.95	92.23598
56	92.80214
56.05	93.64466
56.1	94.16401
56.15	94.75813
56.2	94.46973
56.25	94.51268
56.3	94.80971
56.35	94.87189
56.4	95.54427
56.45	95.59622
56.5	95.63211
56.55	95.41645
56.6	95.59748
56.65	95.89159
56.7	96.88358
56.75	97.75858
56.8	97.6232
56.85	97.45676
56.9	97.47167
56.95	97.46712
57	97.59927
57.05	97.86705
57.1	97.83968
57.15	97.94127
57.2	97.952
57.25	98.24379
57.3	98.56435
57.35	99.05285
57.4	99.72413
57.45	100.6613
57.5	101.0134
57.55	100.6371
57.6	100.6956
57.65	100.489
57.7	100.4043
57.75	100.6449
57.8	100.731
57.85	100.7557
57.9	101.0991
57.95	101.6881
58	101.5665
58.05	101.3716
58.1	101.3106
58.15	101.2878
58.2	101.9313
58.25	102.316
58.3	102.7202
58.35	102.8848
58.4	102.8018
58.45	103.2296
58.5	103.8463
58.55	104.4095
58.6	104.2695
58.65	104.1959
58.7	104.6256
58.75	104.7836
58.8	104.9607
58.85	104.7371
58.9	104.4175
58.95	104.1959
59	104.0211
59.05	104.4287
59.1	104.6014
59.15	104.7783
59.2	105.0351
59.25	105.4474
59.3	105.479
59.35	104.885
59.4	105.2862
59.45	105.3699
59.5	105.6572
59.55	106.397
59.6	106.7608
59.65	106.4993
59.7	106.2303
59.75	106.4016
59.8	106.7312
59.85	107.1734
59.9	107.2674
59.95	106.805
60	106.5789
60.05	106.7146
60.1	106.9419
60.15	106.9521
60.2	107.1141
60.25	107.3032
60.3	107.5311
60.35	108.0759
60.4	108.0835
60.45	107.664
60.5	107.2913
60.55	107.7717
60.6	107.9829
60.65	107.8817
60.7	107.4195
60.75	107.2244
60.8	107.5933
60.85	108.1018
60.9	108.7253
60.95	108.4654
61	107.6844
61.05	107.6777
61.1	108.388
61.15	109.0412
61.2	109.0341
61.25	108.5438
61.3	107.7881
61.35	107.5894
61.4	108.0966
61.45	107.855
61.5	107.603
61.55	107.1491
61.6	106.6716
61.65	106.6048
61.7	106.9482
61.75	107.1577
61.8	106.8588
61.85	107.2234
61.9	107.2563
61.95	107.1086
62	107.3076
62.05	107.6427
62.1	107.303
62.15	106.6029
62.2	106.8148
62.25	106.7517
62.3	107.3771
62.35	107.8738
62.4	107.7926
62.45	107.5833
62.5	107.2391
62.55	107.4343
62.6	107.6251
62.65	108.4725
62.7	108.9032
62.75	108.7138
62.8	108.6173
62.85	108.1016
62.9	107.9812
62.95	107.9978
63	108.059
63.05	107.3991
63.1	107.2983
63.15	107.726
63.2	107.477
63.25	107.2377
63.3	106.8931
63.35	106.8519
63.4	107.8824
63.45	109.0481
63.5	109.7842
63.55	109.7029
63.6	109.395
63.65	109.113
63.7	108.7579
63.75	108.488
63.8	107.9767
63.85	108.0465
63.9	107.9218
63.95	107.4674
64	107.3187
64.05	107.3455
64.1	107.6659
64.15	108.0324
64.2	108.9077
64.25	109.2261
64.3	109.1
64.35	108.6568
64.4	108.27
64.45	107.8293
64.5	107.391
64.55	107.9221
64.6	108.2481
64.65	108.0915
64.7	107.9348
64.75	107.6484
64.8	107.4836
64.85	107.6237
64.9	108.095
64.95	108.0437
65	107.9796
65.05	108.2094
65.1	108.1237
65.15	107.9629
65.2	107.7329
65.25	107.3675
65.3	107.3518
65.35	107.365
65.4	107.1211
65.45	106.5418
65.5	106.5344
65.55	106.8367
65.6	107.8141
65.65	108.6167
65.7	108.7699
65.75	108.8857
65.8	108.4597
65.85	107.4037
65.9	106.4892
65.95	106.2288
66	105.7988
66.05	105.7406
66.1	105.9527
66.15	105.6162
66.2	105.4952
66.25	105.5327
66.3	105.6063
66.35	105.3774
66.4	105.2237
66.45	104.9038
66.5	105.1397
66.55	105.5705
66.6	105.8295
66.65	105.835
66.7	105.3444
66.75	104.6807
66.8	104.5287
66.85	104.4688
66.9	104.6643
66.95	104.6545
67	104.0069
67.05	103.4471
67.1	103.3399
67.15	103.541
67.2	104.1516
67.25	104.4899
67.3	103.7857
67.35	103.1553
67.4	103.4817
67.45	103.3755
67.5	102.8324
67.55	103.0357
67.6	103.091
67.65	103.4135
67.7	104.0801
67.75	103.9043
67.8	103.1881
67.85	103.0952
67.9	103.5091
67.95	103.5847
68	103.0824
68.05	102.4978
68.1	102.2502
68.15	102.0366
68.2	102.1716
68.25	102.2917
68.3	102.1316
68.35	102.0964
68.4	102.6051
68.45	102.5568
68.5	101.8494
68.55	102.0425
68.6	102.0541
68.65	101.6314
68.7	101.6542
68.75	102.0458
68.8	102.0244
68.85	102.1095
68.9	102.0466
68.95	101.3612
69	101.0065
69.05	101.2645
69.1	101.5263
69.15	101.1615
69.2	100.6708
69.25	100.3277
69.3	100.6615
69.35	101.1863
69.4	101.2785
69.45	100.6449
69.5	99.30859
69.55	98.3536
69.6	97.90973
69.65	97.84531
69.7	97.97218
69.75	98.54782
69.8	98.82697
69.85	99.0598
69.9	99.12222
69.95	99.01616
70	98.89025
70.05	98.76165
70.1	98.84768
70.15	98.27601
70.2	97.99563
70.25	97.95499
70.3	97.97839
70.35	98.04326
70.4	98.54713
70.45	98.9873
70.5	98.15055
70.55	96.93135
70.6	95.7511
70.65	95.04749
70.7	95.22654
70.75	95.90159
70.8	96.59269
70.85	97.37827
70.9	97.86067
70.95	97.34344
71	96.47726
71.05	95.73231
71.1	94.91685
71.15	94.49231
71.2	94.40197
71.25	94.30611
71.3	94.41283
71.35	94.50912
71.4	94.01608
71.45	93.30508
71.5	92.85953
71.55	93.17073
71.6	93.91115
71.65	94.46788
71.7	94.63773
71.75	94.81562
71.8	94.82472
71.85	94.17046
71.9	93.30895
71.95	92.80408
72	92.24908
72.05	92.0872
72.1	92.0023
72.15	91.8724
72.2	91.86962
72.25	92.08656
72.3	92.08575
72.35	91.99735
72.4	92.06089
72.45	91.87708
72.5	91.54243
72.55	90.84834
72.6	89.26714
72.65	87.98531
72.7	87.97266
72.75	88.08062
72.8	88.52991
72.85	89.28983
72.9	89.69766
72.95	89.67327
73	89.80482
73.05	89.65266
73.1	88.87608
73.15	88.14951
73.2	87.72756
73.25	87.63795
73.3	87.66883
73.35	87.88582
73.4	88.21585
73.45	88.39783
73.5	88.2038
73.55	87.80005
73.6	86.74158
73.65	86.5388
73.7	86.72836
73.75	87.08359
73.8	87.23083
73.85	87.41676
73.9	87.3585
73.95	87.11726
74	86.58257
74.05	85.49365
74.1	84.3824
74.15	83.72971
74.2	84.31119
74.25	85.04903
74.3	85.97633
74.35	86.35303
74.4	86.68167
74.45	86.34266
74.5	85.61683
74.55	85.20982
74.6	84.806
74.65	84.4082
74.7	84.20152
74.75	84.17309
74.8	83.35424
74.85	82.26542
74.9	82.01564
74.95	82.64469
75	83.58617
75.05	84.59811
75.1	84.44238
75.15	83.14056
75.2	81.85416
75.25	81.14725
75.3	80.8361
75.35	80.98795
75.4	80.74049
75.45	80.7644
75.5	80.75352
75.55	80.27401
75.6	79.95979
75.65	80.03846
75.7	80.07759
75.75	79.41706
75.8	78.94313
75.85	78.61174
75.9	78.46733
75.95	78.52712
76	78.25624
76.05	77.76942
76.1	77.82149
76.15	78.7047
76.2	78.79404
76.25	78.11086
76.3	77.37977
76.35	77.05153
76.4	77.48313
76.45	78.16361
76.5	77.83008
76.55	76.63112
76.6	76.18739
76.65	75.82864
76.7	75.93475
76.75	76.39951
76.8	76.43613
76.85	76.08054
76.9	76.11409
76.95	76.41729
77	76.24703
77.05	76.3505
77.1	75.60605
77.15	75.12127
77.2	74.91434
77.25	74.9893
77.3	75.43621
77.35	75.62292
77.4	75.21202
77.45	73.89559
77.5	72.91759
77.55	72.18264
77.6	72.12042
77.65	72.341
77.7	72.44785
77.75	72.55526
77.8	72.31869
77.85	72.66159
77.9	72.6134
77.95	72.21382
78	71.11888
78.05	70.34355
78.1	69.99476
78.15	69.94764
78.2	70.65653
78.25	70.52679
78.3	70.25739
78.35	70.09623
78.4	70.2426
78.45	70.11944
78.5	69.7532
78.55	69.30002
78.6	69.06668
78.65	69.25319
78.7	69.25884
78.75	68.79321
78.8	68.26456
78.85	67.62595
78.9	67.34198
78.95	67.79068
79	68.10414
79.05	67.88293
79.1	66.79351
79.15	65.9838
79.2	65.85088
79.25	66.54822
79.3	66.79423
79.35	66.57545
79.4	66.39854
79.45	65.57819
79.5	64.86893
79.55	64.28778
79.6	63.87286
79.65	64.12852
79.7	65.13266
79.75	65.97672
79.8	65.60306
79.85	64.53699
79.9	63.63285
79.95	62.94022
80	62.68473
80.05	63.02128
80.1	63.40215
80.15	63.07123
80.2	62.55261
80.25	61.86891
80.3	61.45227
80.35	61.52802
80.4	61.44496
80.45	60.8195
80.5	60.13855
80.55	59.40181
80.6	58.41893
80.65	58.79269
80.7	59.33804
80.75	59.73656
80.8	60.02338
80.85	59.84376
80.9	59.13108
80.95	58.29245
81	58.15912
81.05	57.95706
81.1	58.03183
81.15	58.19637
81.2	58.23312
81.25	58.36943
81.3	58.34437
81.35	57.41705
81.4	56.52279
81.45	55.94497
81.5	55.87737
81.55	56.06344
81.6	56.27909
81.65	56.10609
81.7	55.73801
81.75	56.0397
81.8	55.73006
81.85	55.54205
81.9	55.12685
81.95	54.92663
82	54.90425
82.05	54.9536
82.1	54.93971
82.15	54.59089
82.2	54.27489
82.25	53.83087
82.3	53.39183
82.35	52.88039
82.4	53.00528
82.45	53.84089
82.5	54.71861
82.55	54.9448
82.6	53.88133
82.65	52.27966
82.7	51.05546
82.75	50.78019
82.8	50.75292
82.85	50.6638
82.9	50.84134
82.95	50.61761
83	50.09604
83.05	49.98863
83.1	49.72958
83.15	49.03088
83.2	49.13197
83.25	49.79908
83.3	49.91554
83.35	50.24949
83.4	50.09292
83.45	49.13216
83.5	48.45947
83.55	48.30491
83.6	48.37328
83.65	48.80739
83.7	48.75431
83.75	48.33084
83.8	48.12777
83.85	48.0966
83.9	47.80505
83.95	47.41232
84	46.88871
84.05	45.60107
84.1	44.97297
84.15	44.82766
84.2	45.31904
84.25	45.97255
84.3	46.46803
84.35	46.0896
84.4	45.13205
84.45	44.40436
84.5	43.94667
84.55	43.68946
84.6	43.32269
84.65	43.37423
84.7	43.65497
84.75	43.83826
84.8	43.47536
84.85	42.63391
84.9	42.32635
84.95	42.17075
85	42.13695
85.05	41.94654
85.1	41.31728
85.15	40.66698
85.2	40.4342
85.25	40.83505
85.3	40.58715
85.35	40.41013
85.4	40.22553
85.45	39.93254
85.5	39.97364
85.55	40.19963
85.6	40.00091
85.65	39.53641
85.7	39.57677
85.75	38.86158
85.8	38.26187
85.85	37.97008
85.9	37.91047
85.95	37.98534
86	37.98255
86.05	37.97155
86.1	37.47908
86.15	37.26476
86.2	37.35987
86.25	37.25495
86.3	36.78199
86.35	35.95542
86.4	35.83525
86.45	35.59507
86.5	35.23782
86.55	34.84138
86.6	34.33342
86.65	34.29608
86.7	34.5938
86.75	34.89998
86.8	34.64414
86.85	33.73415
86.9	33.08115
86.95	33.02321
87	33.1899
87.05	33.03341
87.1	32.80732
87.15	32.76962
87.2	32.46172
87.25	32.32128
87.3	31.82706
87.35	31.44205
87.4	31.12095
87.45	31.09494
87.5	31.18172
87.55	31.04673
87.6	30.51653
87.65	30.05474
87.7	29.60527
87.75	29.39746
87.8	29.95869
87.85	30.39577
87.9	30.24977
87.95	30.04228
88	29.65063
88.05	29.12423
88.1	29.01374
88.15	28.68601
88.2	27.83799
88.25	26.97352
88.3	26.33501
88.35	26.05682
88.4	26.53346
88.45	26.90927
88.5	26.79845
88.55	26.41161
88.6	25.95205
88.65	25.76867
88.7	26.10583
88.75	26.53626
88.8	26.5235
88.85	26.4885
88.9	26.16261
88.95	25.68459
89	25.24773
89.05	25.02834
89.1	24.94647
89.15	25.03722
89.2	24.69672
89.25	24.03459
89.3	23.47148
89.35	23.00878
89.4	22.55975
89.45	22.2932
89.5	22.43199
89.55	22.59541
89.6	22.81997
89.65	22.7644
89.7	22.54752
89.75	22.35196
89.8	22.17722
89.85	22.05844
89.9	21.61648
89.95	21.0753
90	21.00274
90.05	20.97859
90.1	20.88745
90.15	20.57696
90.2	20.23957
90.25	20.18769
90.3	20.53184
90.35	20.3969
90.4	19.72843
90.45	19.28251
90.5	19.09141
90.55	19.41359
90.6	19.74911
90.65	19.60325
90.7	18.93995
90.75	18.15061
90.8	17.90129
90.85	18.06858
90.9	18.42647
90.95	19.06288
91	19.52061
91.05	18.86596
91.1	17.55641
91.15	16.4839
91.2	16.10127
91.25	16.53076
91.3	17.20029
91.35	17.12941
91.4	16.28869
91.45	15.74363
91.5	15.45418
91.55	15.92417
91.6	16.58935
91.65	16.72654
91.7	16.31234
91.75	15.8799
91.8	15.69029
91.85	15.45326
91.9	15.32452
91.95	15.1916
92	14.59287
92.05	14.31527
92.1	14.54915
92.15	14.69153
92.2	14.67945
92.25	14.5141
92.3	14.48149
92.35	14.26005
92.4	14.47997
92.45	14.55942
92.5	14.41345
92.55	14.19454
92.6	13.8159
92.65	13.33248
92.7	12.59151
92.75	12.30842
92.8	12.09218
92.85	12.1817
92.9	12.37564
92.95	12.55447
93	12.61461
93.05	12.6961
93.1	13.12865
93.15	13.27474
93.2	13.43426
93.25	13.29927
93.3	12.92557
93.35	12.37168
93.4	11.66875
93.45	10.79901
93.5	10.23365
93.55	10.25697
93.6	10.66312
93.65	10.9877
93.7	10.96267
93.75	10.60876
93.8	10.12844
93.85	9.987047
93.9	10.30245
93.95	10.58811
94	10.16388
94.05	9.677501
94.1	9.622478
94.15	9.787067
94.2	10.11247
94.25	10.28627
94.3	10.46731
94.35	10.24662
94.4	9.919646
94.45	9.540492
94.5	9.157258
94.55	9.159211
94.6	9.363072
94.65	9.42022
94.7	9.085176
94.75	8.747165
94.8	8.529306
94.85	8.446582
94.9	8.519954
94.95	8.542678
95	8.510878
95.05	8.445743
95.1	8.35706
95.15	8.43363
95.2	8.946184
95.25	9.622579
95.3	9.614305
95.35	9.029276
95.4	8.333909
95.45	7.700542
95.5	7.540956
95.55	7.86388
95.6	8.10184
95.65	7.929984
95.7	8.016167
95.75	8.181426
95.8	8.243103
95.85	8.230222
95.9	8.482285
95.95	8.503897
96	8.138981
96.05	7.748453
96.1	7.494509
96.15	7.371288
96.2	7.493755
96.25	7.644753
96.3	7.335108
96.35	7.0221
96.4	6.877568
96.45	7.079112
96.5	7.301061
96.55	7.560408
96.6	7.587208
96.65	7.600944
96.7	7.596552
96.75	7.255897
96.8	6.87753
96.85	6.492622
96.9	6.261796
96.95	6.298574
97	6.40789
97.05	6.331635
97.1	6.029641
97.15	5.654373
97.2	5.310721
97.25	5.196719
97.3	5.493452
97.35	5.932311
97.4	6.157728
97.45	6.604464
97.5	6.731377
97.55	6.68822
97.6	6.955057
97.65	7.462453
97.7	7.423174
97.75	7.287249
97.8	7.129202
97.85	6.505555
97.9	6.122336
97.95	5.717944
98	5.339879
98.05	5.263522
98.1	5.493898
98.15	5.605124
98.2	5.554586
98.25	5.76669
98.3	5.950564
98.35	6.035157
98.4	6.027829
98.45	5.653018
98.5	4.84079
98.55	4.325952
98.6	4.761218
98.65	5.322952
98.7	5.722052
98.75	6.008803
98.8	5.785269
98.85	5.607687
98.9	5.732672
98.95	5.965169
99	5.909796
99.05	5.746142
99.1	5.434357
99.15	5.222926
99.2	5.440839
99.25	5.50686
99.3	5.612648
99.35	5.694709
99.4	5.51131
99.45	5.180806
99.5	4.8362
99.55	4.440067
99.6	4.310874
99.65	4.703916
99.7	5.100161
99.75	5.195318
99.8	5.247604
99.85	5.033121
99.9	4.718497
99.95	4.447997
100	4.097894
100.05	3.883622
100.1	3.998165
100.15	4.371155
100.2	4.514049
100.25	4.490707
100.3	4.569804
100.35	5.01055
100.4	5.533873
100.45	5.800633
100.5	5.840714
100.55	5.097445
100.6	4.142627
100.65	3.523728
100.7	3.480386
100.75	3.849347
100.8	4.342097
100.85	4.630899
100.9	4.219165
100.95	3.581743
101	3.48399
101.05	4.084671
101.1	4.671674
101.15	4.844175
101.2	4.648756
101.25	4.388212
101.3	4.52665
101.35	5.107397
101.4	5.442929
101.45	5.099174
101.5	4.659573
101.55	4.655758
101.6	4.862114
101.65	5.047797
101.7	4.884933
101.75	4.835266
101.8	5.128592
101.85	5.518032
101.9	5.851369
101.95	5.659018
102	5.025692
102.05	4.335382
102.1	4.206163
102.15	4.224058
102.2	3.818203
102.25	3.520445
102.3	3.413149
102.35	3.257315
102.4	3.376671
102.45	3.384468
102.5	3.285339
102.55	2.936234
102.6	2.591563
102.65	2.421928
102.7	2.266436
102.75	2.29301
102.8	2.221379
102.85	2.197486
102.9	2.017279
102.95	1.716106
103	1.777095
103.05	1.912918
103.1	2.033926
103.15	2.015976
103.2	1.936511
103.25	1.7152
103.3	1.265857
103.35	1.073054
103.4	1.023964
103.45	0.961087
103.5	0.9579657
103.55	1.175397
103.6	1.384733
103.65	1.401563
103.7	1.519918
103.75	1.69971
103.8	1.831893
103.85	1.956511
103.9	1.947262
103.95	1.515886
104	0.7225999
104.05	0.2230626
104.1	0.1907548
104.15	0.653873
104.2	1.23735
104.25	1.485452
104.3	1.23002
104.35	0.7481884
104.4	0.385283
104.45	0.3704421
104.5	0.5764043
104.55	0.6790142
104.6	0.7939306
104.65	0.8183285
104.7	0.8447442
104.75	0.8536804
104.8	0.6942375
104.85	0.8378304
104.9	1.144308
104.95	1.443741
105	1.421087
105.05	0.949984
105.1	0.409533
105.15	0.4324352
105.2	0.9287831
105.25	1.103386
105.3	0.9588189
105.35	0.4011455
105.4	-2.245626E-02
105.45	0.1149388
105.5	0.4811361
105.55	0.571359
105.6	0.2403917
105.65	-0.1857995
105.7	-0.3056147
105.75	-0.2714607
105.8	1.905064E-03
105.85	0.319238
105.9	0.2284766
105.95	-0.3431828
106	-0.8161893
106.05	-0.7771548
106.1	-0.4066785
106.15	0.1855296
106.2	0.4217277
106.25	0.3064456
106.3	4.613796E-02
106.35	-0.4002739
106.4	-0.4331123
106.45	-0.4198546
106.5	-0.2844818
106.55	-0.2468558
106.6	-0.3818579
106.65	-0.5567562
106.7	-0.7404583
106.75	-0.8381438
106.8	-0.3865535
106.85	0.2256967
106.9	0.1607177
106.95	-0.3130211
107	-0.9001142
107.05	-1.288145
107.1	-1.265664
107.15	-0.8867261
107.2	-0.6885266
107.25	-1.023497
107.3	-1.497048
107.35	-2.022389
107.4	-2.198324
107.45	-1.890195
107.5	-1.505215
107.55	-1.244886
107.6	-1.271613
107.65	-1.489715
107.7	-1.889382
107.75	-2.073794
107.8	-1.929836
107.85	-1.7427
107.9	-1.332949
107.95	-1.102907
108	-1.344312
108.05	-1.639246
108.1	-1.732031
108.15	-1.661157
108.2	-1.618809
108.25	-1.586038
108.3	-1.509857
108.35	-1.573788
108.4	-1.669412
108.45	-1.692257
108.5	-1.614865
108.55	-1.681563
108.6	-1.801116
108.65	-1.735167
108.7	-1.581886
108.75	-1.409169
108.8	-1.212828
108.85	-1.099004
108.9	-1.058621
108.95	-1.071812
109	-1.246716
109.05	-1.553907
109.1	-1.793804
109.15	-1.781345
109.2	-1.505815
109.25	-1.466839
109.3	-1.893388
109.35	-2.312381
109.4	-2.506573
109.45	-2.275256
109.5	-1.302388
109.55	-0.3912668
109.6	-0.2046781
109.65	-0.5128884
109.7	-0.922932
109.75	-1.497383
109.8	-1.837819
109.85	-2.069494
109.9	-1.968504
109.95	-1.400019
110	-0.7930793
110.05	-0.4781044
110.1	-0.8817114
110.15	-1.736995
110.2	-2.221428
110.25	-2.018538
110.3	-1.693897
110.35	-1.600258
110.4	-1.726911
110.45	-2.00664
110.5	-2.213889
110.55	-1.904029
110.6	-1.458514
110.65	-1.087873
110.7	-0.9432706
110.75	-0.9849145
110.8	-1.318615
110.85	-1.827286
110.9	-2.107234
110.95	-2.060768
111	-1.424685
111.05	-0.9046368
111.1	-0.8258935
111.15	-0.7305772
111.2	-0.6837441
111.25	-0.8381251
111.3	-1.028335
111.35	-1.240595
111.4	-1.84056
111.45	-2.058701
111.5	-1.881633
111.55	-1.660719
111.6	-1.274807
111.65	-1.132918
111.7	-1.401765
111.75	-1.975339
111.8	-2.523372
111.85	-2.577458
111.9	-1.62682
111.95	-0.6100061
112	4.383414E-02
112.05	1.595587
112.1	4.057756
112.15	6.985204
112.2	11.91911
112.25	19.08333
112.3	27.08702
112.35	35.97061
112.4	45.32275
112.45	56.35838
112.5	70.66231
112.55	88.12947
112.6	105.5616
112.65	122.5206
112.7	137.589
112.75	151.3859
112.8	166.8678
112.85	181.415
112.9	194.7887
112.95	202.1775
113	202.8357
113.05	197.1688
113.1	189.0199
113.15	181.0694
113.2	174.695
113.25	169.9177
113.3	160.7497
113.35	149.1692
113.4	138.5365
113.45	132.9624
113.5	127.9826
113.55	120.0966
113.6	108.3242
113.65	94.2995
113.7	80.22233
113.75	68.80999
113.8	63.72532
113.85	60.05864
113.9	56.44095
113.95	51.47308
114	44.54499
114.05	36.25921
114.1	30.40075
114.15	27.84444
114.2	26.74477
114.25	27.36113
114.3	26.76834
114.35	25.64675
114.4	24.26477
114.45	22.29179
114.5	19.56738
114.55	17.50459
114.6	15.71703
114.65	14.01361
114.7	13.09296
114.75	11.7233
114.8	10.19631
114.85	9.311739
114.9	8.824333
114.95	8.488412
115	8.378092
115.05	7.105518
115.1	5.841556
115.15	5.525377
115.2	5.990595
115.25	5.704896
115.3	4.442329
115.35	3.881659
115.4	4.1881
115.45	5.450685
115.5	6.763207
115.55	6.956202
115.6	5.680356
115.65	3.991519
115.7	2.968666
115.75	2.108155
115.8	1.735866
115.85	1.76497
115.9	1.70777
115.95	1.433878
116	1.114127
116.05	0.8793052
116.1	0.7236753
116.15	1.234033
116.2	1.586678
116.25	1.228544
116.3	0.4213755
116.35	-0.3453582
116.4	-0.6224188
116.45	-0.5032263
116.5	-0.1878045
116.55	-0.4619954
116.6	-1.12141
116.65	-1.309463
116.7	-0.9051584
116.75	-0.2606273
116.8	0.3050661
116.85	0.3227586
116.9	-0.4097827
116.95	-1.086403
117	-1.493972
117.05	-1.669845
117.1	-1.505166
117.15	-1.145773
117.2	-0.996593
117.25	-0.901064
117.3	-0.8420032
117.35	-0.951438
117.4	-1.335242
117.45	-1.98149
117.5	-2.26718
117.55	-1.972359
117.6	-1.612248
117.65	-1.754298
117.7	-2.340831
117.75	-3.178695
117.8	-3.674645
117.85	-3.413543
117.9	-2.845439
117.95	-2.507293
118	-2.616966
118.05	-2.95032
118.1	-3.281899
118.15	-3.578059
118.2	-3.615635
118.25	-3.356944
118.3	-3.128028
118.35	-3.092
118.4	-3.029683
118.45	-3.032081
118.5	-3.199291
118.55	-3.269046
118.6	-3.201284
118.65	-3.230508
118.7	-3.359445
118.75	-3.509698
118.8	-3.661425
118.85	-3.731374
118.9	-3.620983
118.95	-3.596826
119	-3.706448
119.05	-3.80801
119.1	-3.906735
119.15	-3.884239
119.2	-3.78062
119.25	-3.739664
119.3	-3.574247
119.35	-3.40149
119.4	-3.48632
119.45	-3.726754
119.5	-3.788555
119.55	-3.649424
119.6	-3.477968
119.65	-3.416764
119.7	-3.636783
119.75	-3.961757
119.8	-4.03589
119.85	-3.897906
119.9	-3.728165
119.95	-3.742133
120	-3.866518
120.05	-4.047162
120.1	-3.82177
120.15	-3.38991
120.2	-3.14064
120.25	-3.13607
120.3	-3.392825
120.35	-3.741182
120.4	-4.060647
120.45	-3.928225
120.5	-3.84657
120.55	-3.711748
120.6	-3.581911
120.65	-3.587985
120.7	-3.656454
120.75	-3.789487
120.8	-3.897954
120.85	-4.050671
120.9	-4.101285
120.95	-4.081877
121	-4.043673
121.05	-3.802623
121.1	-3.679175
121.15	-3.671397
121.2	-3.691369
121.25	-3.687325
121.3	-3.761486
121.35	-3.716261
121.4	-3.718653
121.45	-3.813466
121.5	-3.773025
121.55	-3.658551
121.6	-3.639809
121.65	-3.811608
121.7	-3.785909
121.75	-3.733789
121.8	-3.580622
121.85	-3.60723
121.9	-3.78341
121.95	-3.965088
122	-4.182545
122.05	-4.20748
122.1	-4.030134
122.15	-3.959201
122.2	-4.033293
122.25	-4.083044
122.3	-4.137473
122.35	-4.13827
122.4	-4.081994
122.45	-4.062397
122.5	-4.159267
122.55	-4.226041
122.6	-4.298357
122.65	-4.252317
122.7	-4.167776
122.75	-4.185755
122.8	-4.134139
122.85	-3.945759
122.9	-3.875582
122.95	-3.86561
123	-3.876805
123.05	-3.978948
123.1	-3.954824
123.15	-3.968033
123.2	-3.978379
123.25	-4.089938
123.3	-4.161119
123.35	-4.154943
123.4	-4.169117
123.45	-4.213042
123.5	-4.31562
123.55	-4.333621
123.6	-4.255131
123.65	-4.192813
123.7	-4.008649
123.75	-3.721027
123.8	-3.553232
123.85	-3.556637
123.9	-3.772435
123.95	-4.081396
124	-4.350269
124.05	-4.290105
124.1	-4.168778
124.15	-4.112318
124.2	-4.059055
124.25	-4.122971
124.3	-4.122971
124.35	-4.122971
124.4	-4.122971
124.45	-4.122971
124.5	-4.122971
124.55	-4.122971
124.6	-4.122971
124.65	-4.122971
124.7	-4.122971
124.75	-4.122971
124.8	-4.122971
124.85	-4.122971
124.9	-4.122971
124.95	-4.122971
125	-4.122971
125.05	-4.122971
125.1	-4.122971
125.15	-4.122971
125.2	-4.122971
125.25	-4.122971
125.3	-4.122971
125.35	-4.122971
125.4	-4.122971
125.45	-4.122971
125.5	-4.122971
125.55	-4.122971
125.6	-4.122971
125.65	-4.122971
125.7	-4.122971
125.75	-4.122971
125.8	-4.122971
125.85	-4.122971
125.9	-4.122971
125.95	-4.122971
126	-4.122971
126.05	-4.122971
126.1	-4.122971
126.15	-4.122971
126.2	-4.122971
126.25	-4.122971
126.3	-4.122971
126.35	-4.122971
126.4	-4.122971
126.45	-4.122971
126.5	-4.122971
126.55	-4.122971
126.6	-4.122971
126.65	-4.122971
126.7	-4.122971
126.75	-4.122971
126.8	-4.122971
126.85	-4.122971
126.9	-4.122971
126.95	-4.122971
127	-4.122971
127.05	-4.122971
127.1	-4.122971
127.15	-4.122971
127.2	-4.122971
127.25	-4.122971
127.3	-4.122971
127.35	-4.122971
127.4	-4.122971
127.45	-4.122971
127.5	-4.122971
127.55	-4.122971
127.6	-4.122971
127.65	-4.122971
127.7	-4.122971
127.75	-4.122971
127.8	-4.122971
127.85	-4.122971
127.9	-4.122971
127.95	-4.122971
128	-4.122971
128.05	-4.122971
128.1	-4.122971
128.15	-4.122971
128.2	-4.122971
128.25	-4.122971
128.3	-4.122971
128.35	-4.122971
128.4	-4.122971
128.45	-4.122971
128.5	-4.122971
128.55	-4.122971
128.6	-4.122971
128.65	-4.122971
128.7	-4.122971
128.75	-4.122971
128.8	-4.122971
128.85	-4.122971
128.9	-4.122971
128.95	-4.122971
129	-4.122971
129.05	-4.122971
129.1	-4.122971
129.15	-4.122971
129.2	-4.122971
129.25	-4.122971
129.3	-4.122971
129.35	-4.122971
129.4	-4.122971
129.45	-4.122971
129.5	-4.122971
129.55	-4.122971
129.6	-4.122971
129.65	-4.122971
129.7	-4.122971
129.75	-4.122971
129.8	-4.122971
129.85	-4.122971
129.9	-4.122971
129.95	-4.122971
130	-4.122971
130.05	-4.122971
130.1	-4.122971
130.15	-4.122971
130.2	-4.122971
130.25	-4.122971
130.3	-4.122971
130.35	-4.122971
130.4	-4.122971
130.45	-4.122971
130.5	-4.122971
130.55	-4.122971
130.6	-4.122971
130.65	-4.122971
130.7	-4.122971
130.75	-4.122971
130.8	-4.122971
130.85	-4.122971
130.9	-4.122971
130.95	-4.122971
131	-4.122971
131.05	-4.122971
131.1	-4.122971
131.15	-4.122971
131.2	-4.122971
131.25	-4.122971
131.3	-4.122971
131.35	-4.122971
131.4	-4.122971
131.45	-4.122971
131.5	-4.122971
131.55	-4.122971
131.6	-4.122971
131.65	-4.122971
131.7	-4.122971
131.75	-4.122971
131.8	-4.122971
131.85	-4.122971
131.9	-4.122971
131.95	-4.122971
132	-4.122971
132.05	-4.122971
132.1	-4.122971
132.15	-4.122971
132.2	-4.122971
132.25	-4.122971
132.3	-4.122971
132.35	-4.122971
132.4	-4.122971
132.45	-4.122971
132.5	-4.122971
132.55	-4.122971
132.6	-4.122971
132.65	-4.122971
132.7	-4.122971
132.75	-4.122971
132.8	-4.122971
132.85	-4.122971
132.9	-4.122971
132.95	-4.122971
133	-4.122971
133.05	-4.122971
133.1	-4.122971
133.15	-4.122971
133.2	-4.122971
133.25	-4.122971
133.3	-4.122971
133.35	-4.122971
133.4	-4.122971
133.45	-4.122971
133.5	-4.122971
133.55	-4.122971
133.6	-4.122971
133.65	-4.122971
133.7	-4.122971
133.75	-4.122971
133.8	-4.122971
133.85	-4.122971
133.9	-4.122971
133.95	-4.122971
134	-4.122971
134.05	-4.122971
134.1	-4.122971
134.15	-4.122971
134.2	-4.122971
134.25	-4.122971
134.3	-4.122971
134.35	-4.122971
134.4	-4.122971
134.45	-4.122971
134.5	-4.122971
134.55	-4.122971
134.6	-4.122971
134.65	-4.122971
134.7	-4.122971
134.75	-4.122971
134.8	-4.122971
134.85	-4.122971
134.9	-4.122971
134.95	-4.122971
135	-4.122971
135.05	-4.122971
135.1	-4.122971
135.15	-4.122971
135.2	-4.122971
135.25	-4.122971
135.3	-4.122971
135.35	-4.122971
135.4	-4.122971
135.45	-4.122971
135.5	-4.122971
135.55	-4.122971
135.6	-4.122971
135.65	-4.122971
135.7	-4.122971
135.75	-4.122971
135.8	-4.122971
135.85	-4.122971
135.9	-4.122971
135.95	-4.122971
136	-4.122971
136.05	-4.122971
136.1	-4.122971
136.15	-4.122971
136.2	-4.122971
136.25	-4.122971
136.3	-4.122971
136.35	-4.122971
136.4	-4.122971
136.45	-4.122971
136.5	-4.122971
136.55	-4.122971
136.6	-4.122971
136.65	-4.122971
136.7	-4.122971
136.75	-4.122971
136.8	-4.122971
136.85	-4.122971
136.9	-4.122971
136.95	-4.122971
137	-4.122971
137.05	-4.122971
137.1	-4.122971
137.15	-4.122971
137.2	-4.122971
137.25	-4.122971
137.3	-4.122971
137.35	-4.122971
137.4	-4.122971
137.45	-4.122971
137.5	-4.122971
137.55	-4.122971
137.6	-4.122971
137.65	-4.122971
137.7	-4.122971
137.75	-4.122971
137.8	-4.122971
137.85	-4.122971
137.9	-4.122971
137.95	-4.122971
138	-4.122971