  4.5331126e+001  1.8392973e-004
  4.5761589e+001  1.8214325e-004
  4.6192053e+001  1.8146442e-004
  4.6622517e+001  1.8232971e-004
  4.7052980e+001  1.8397575e-004
  4.7483444e+001  1.8511876e-004
  4.7913907e+001  1.8489113e-004
  4.8344371e+001  1.8483405e-004
  4.8774834e+001  1.8838549e-004
  4.9205298e+001  1.9142193e-004
  4.9635762e+001  1.9426960e-004
  5.0066225e+001  1.9544044e-004
  5.0496689e+001  1.9484825e-004
  5.0927152e+001  1.9376248e-004
  5.1357616e+001  1.9382697e-004
  5.1788079e+001  1.9784734e-004
  5.2218543e+001  2.0291754e-004
  5.2649007e+001  2.0551575e-004
  5.3079470e+001  2.0617958e-004
  5.3509934e+001  2.0626070e-004
  5.3940397e+001  2.0777048e-004
  5.4370861e+001  2.0829417e-004
  5.4801325e+001  2.1001865e-004
  5.5231788e+001  2.1301290e-004
  5.5662252e+001  2.1541672e-004
  5.6092715e+001  2.1805856e-004
  5.6523179e+001  2.2247400e-004
  5.6953642e+001  2.2602530e-004
  5.7384106e+001  2.2800386e-004
  5.7814570e+001  2.2882628e-004
  5.8245033e+001  2.3049919e-004
  5.8675497e+001  2.3211167e-004
  5.9105960e+001  2.3328035e-004
  5.9536424e+001  2.3628444e-004
  5.9966887e+001  2.3977534e-004
  6.0397351e+001  2.4220651e-004
  6.0827815e+001  2.4262519e-004
  6.1258278e+001  2.4165103e-004
  6.1688742e+001  2.4130207e-004
  6.2119205e+001  2.4284032e-004
  6.2549669e+001  2.4842209e-004
  6.2980132e+001  2.5407029e-004
  6.3410596e+001  2.5694296e-004
  6.3841060e+001  2.5846145e-004
  6.4271523e+001  2.6186277e-004
  6.4701987e+001  2.6379761e-004
  6.5132450e+001  2.6737072e-004
  6.5562914e+001  2.6848398e-004
  6.5993377e+001  2.6704861e-004
  6.6423841e+001  2.6688974e-004
  6.6854305e+001  2.7027917e-004
  6.7284768e+001  2.7708618e-004
  6.7715232e+001  2.8152650e-004
  6.8145695e+001  2.8558909e-004
  6.8576159e+001  2.8544794e-004
  6.9006623e+001  2.8506602e-004
  6.9437086e+001  2.8829563e-004
  6.9867550e+001  2.9173273e-004
  7.0298013e+001  2.9588215e-004
  7.0728477e+001  2.9798617e-004
  7.1158940e+001  2.9824168e-004
  7.1589404e+001  3.0007371e-004
  7.2019868e+001  3.0334804e-004
  7.2450331e+001  3.0707158e-004
  7.2880795e+001  3.0972370e-004
  7.3311258e+001  3.1550290e-004
  7.3741722e+001  3.1935692e-004
  7.4172185e+001  3.2032159e-004
  7.4602649e+001  3.2237994e-004
  7.5033113e+001  3.2495154e-004
  7.5463576e+001  3.2565006e-004
  7.5894040e+001  3.2707430e-004
  7.6324503e+001  3.3099845e-004
  7.6754967e+001  3.3605766e-004
  7.7185430e+001  3.4056709e-004
  7.7615894e+001  3.4477781e-004
  7.8046358e+001  3.4715356e-004
  7.8476821e+001  3.5026230e-004
  7.8907285e+001  3.5483476e-004
  7.9337748e+001  3.5795960e-004
  7.9768212e+001  3.6188859e-004
  8.0198675e+001  3.6467214e-004
  8.0629139e+001  3.6660131e-004
  8.1059603e+001  3.6767161e-004
  8.1490066e+001  3.7141065e-004
  8.1920530e+001  3.7636215e-004
  8.2350993e+001  3.8006344e-004
  8.2781457e+001  3.8435884e-004
  8.3211921e+001  3.8481529e-004
  8.3642384e+001  3.8591988e-004
  8.4072848e+001  3.8748888e-004
  8.4503311e+001  3.9094394e-004
  8.4933775e+001  3.9310168e-004
  8.5364238e+001  3.9476540e-004
  8.5794702e+001  3.9650860e-004
  8.6225166e+001  4.0131949e-004
  8.6655629e+001  4.0874805e-004
  8.7086093e+001  4.1297851e-004
  8.7516556e+001  4.1549643e-004
  8.7947020e+001  4.1417280e-004
  8.8377483e+001  4.1256120e-004
  8.8807947e+001  4.1392760e-004
  8.9238411e+001  4.2058612e-004
  8.9668874e+001  4.2690385e-004
  9.0099338e+001  4.3258314e-004
  9.0529801e+001  4.3928754e-004
  9.0960265e+001  4.4162226e-004
  9.1390728e+001  4.4078260e-004
  9.1821192e+001  4.4307576e-004
  9.2251656e+001  4.4753358e-004
  9.2682119e+001  4.5197582e-004
  9.3112583e+001  4.5678412e-004
  9.3543046e+001  4.6101165e-004
  9.3973510e+001  4.6152801e-004
  9.4403974e+001  4.6162377e-004
  9.4834437e+001  4.6405441e-004
  9.5264901e+001  4.6588713e-004
  9.5695364e+001  4.6926877e-004
  9.6125828e+001  4.7483915e-004
  9.6556291e+001  4.7774200e-004
  9.6986755e+001  4.8214978e-004
  9.7417219e+001  4.8365471e-004
  9.7847682e+001  4.8856327e-004
  9.8278146e+001  4.8822370e-004
  9.8708609e+001  4.9025902e-004
  9.9139073e+001  4.9557087e-004
  9.9569536e+001  5.0077934e-004
  1.0000000e+002  5.0802054e-004
  1.0054348e+002  5.1278001e-004
  1.0108696e+002  5.1508165e-004
  1.0163043e+002  5.1404407e-004
  1.0217391e+002  5.1604597e-004
  1.0271739e+002  5.1591611e-004
  1.0326087e+002  5.1925445e-004
  1.0380435e+002  5.2496699e-004
  1.0434783e+002  5.3096663e-004
  1.0489130e+002  5.3357961e-004
  1.0543478e+002  5.3653026e-004
  1.0597826e+002  5.3826099e-004
  1.0652174e+002  5.4152020e-004
  1.0706522e+002  5.4673335e-004
  1.0760870e+002  5.5048589e-004
  1.0815217e+002  5.5404658e-004
  1.0869565e+002  5.5603965e-004
  1.0923913e+002  5.5946821e-004
  1.0978261e+002  5.6057280e-004
  1.1032609e+002  5.6095911e-004
  1.1086957e+002  5.6429175e-004
  1.1141304e+002  5.6899494e-004
  1.1195652e+002  5.7699804e-004
  1.1250000e+002  5.8432910e-004
  1.1304348e+002  5.8843455e-004
  1.1358696e+002  5.8557048e-004
  1.1413043e+002  5.8249898e-004
  1.1467391e+002  5.8509862e-004
  1.1521739e+002  5.8941463e-004
  1.1576087e+002  5.9523661e-004
  1.1630435e+002  6.0158984e-004
  1.1684783e+002  6.0659970e-004
  1.1739130e+002  6.0834169e-004
  1.1793478e+002  6.0974099e-004
  1.1847826e+002  6.1356799e-004
  1.1902174e+002  6.1601768e-004
  1.1956522e+002  6.1852244e-004
  1.2010870e+002  6.2315048e-004
  1.2065217e+002  6.2505697e-004
  1.2119565e+002  6.2517160e-004
  1.2173913e+002  6.2446459e-004
  1.2228261e+002  6.2745090e-004
  1.2282609e+002  6.3196743e-004
  1.2336957e+002  6.3678162e-004
  1.2391304e+002  6.4072758e-004
  1.2445652e+002  6.4403701e-004
  1.2500000e+002  6.4325710e-004
  1.2554348e+002  6.4373502e-004
  1.2608696e+002  6.4342160e-004
  1.2663043e+002  6.4864981e-004
  1.2717391e+002  6.5634348e-004
  1.2771739e+002  6.6172113e-004
  1.2826087e+002  6.6268684e-004
  1.2880435e+002  6.5938953e-004
  1.2934783e+002  6.5676685e-004
  1.2989130e+002  6.5723629e-004
  1.3043478e+002  6.6689220e-004
  1.3097826e+002  6.7732092e-004
  1.3152174e+002  6.8335571e-004
  1.3206522e+002  6.8516349e-004
  1.3260870e+002  6.8894790e-004
  1.3315217e+002  6.9074720e-004
  1.3369565e+002  6.9297906e-004
  1.3423913e+002  6.9371464e-004
  1.3478261e+002  6.9372105e-004
  1.3532609e+002  6.9464191e-004
  1.3586957e+002  6.9658858e-004
  1.3641304e+002  6.9879134e-004
  1.3695652e+002  7.0048761e-004
  1.3750000e+002  7.0369557e-004
  1.3804348e+002  7.0863409e-004
  1.3858696e+002  7.1388429e-004
  1.3913043e+002  7.1623026e-004
  1.3967391e+002  7.1769917e-004
  1.4021739e+002  7.2006263e-004
  1.4076087e+002  7.2332184e-004
  1.4130435e+002  7.2613223e-004
  1.4184783e+002  7.2937967e-004
  1.4239130e+002  7.3278503e-004
  1.4293478e+002  7.3115109e-004
  1.4347826e+002  7.2938555e-004
  1.4402174e+002  7.3354104e-004
  1.4456522e+002  7.3743714e-004
  1.4510870e+002  7.4366690e-004
  1.4565217e+002  7.4853875e-004
  1.4619565e+002  7.5102464e-004
  1.4673913e+002  7.5047070e-004
  1.4728261e+002  7.5106948e-004
  1.4782609e+002  7.5669874e-004
  1.4836957e+002  7.5826237e-004
  1.4891304e+002  7.6705940e-004
  1.4945652e+002  7.7291082e-004
  1.5000000e+002  7.7333315e-004
  1.5053763e+002  7.7312328e-004
  1.5107527e+002  7.7392207e-004
  1.5161290e+002  7.7043775e-004
  1.5215054e+002  7.6774598e-004
  1.5268817e+002  7.7260242e-004
  1.5322581e+002  7.7821834e-004
  1.5376344e+002  7.7797817e-004
  1.5430108e+002  7.8192430e-004
  1.5483871e+002  7.8565468e-004
  1.5537634e+002  7.8579581e-004
  1.5591398e+002  7.9173986e-004
  1.5645161e+002  7.9523267e-004
  1.5698925e+002  7.9868755e-004
  1.5752688e+002  7.9982036e-004
  1.5806452e+002  8.0394624e-004
  1.5860215e+002  8.0700771e-004
  1.5913978e+002  8.0659559e-004
  1.5967742e+002  8.0033915e-004
  1.6021505e+002  7.9139735e-004
  1.6075269e+002  7.8805399e-004
  1.6129032e+002  7.9280861e-004
  1.6182796e+002  8.0729550e-004
  1.6236559e+002  8.2355451e-004
  1.6290323e+002  8.3124470e-004
  1.6344086e+002  8.2461182e-004
  1.6397849e+002  8.1822707e-004
  1.6451613e+002  8.1364838e-004
  1.6505376e+002  8.1515938e-004
  1.6559140e+002  8.2279936e-004
  1.6612903e+002  8.3240418e-004
  1.6666667e+002  8.3541855e-004
  1.6720430e+002  8.3391137e-004
  1.6774194e+002  8.3079882e-004
  1.6827957e+002  8.2687225e-004
  1.6881720e+002  8.3108453e-004
  1.6935484e+002  8.3903741e-004
  1.6989247e+002  8.4507896e-004
  1.7043011e+002  8.4760969e-004
  1.7096774e+002  8.4395169e-004
  1.7150538e+002  8.4148364e-004
  1.7204301e+002  8.4667272e-004
  1.7258065e+002  8.5593001e-004
  1.7311828e+002  8.6230073e-004
  1.7365591e+002  8.5787027e-004
  1.7419355e+002  8.5149487e-004
  1.7473118e+002  8.4596554e-004
  1.7526882e+002  8.5041280e-004
  1.7580645e+002  8.5618612e-004
  1.7634409e+002  8.6064515e-004
  1.7688172e+002  8.6498056e-004
  1.7741935e+002  8.6789778e-004
  1.7795699e+002  8.7408564e-004
  1.7849462e+002  8.7880632e-004
  1.7903226e+002  8.7454936e-004
  1.7956989e+002  8.6749206e-004
  1.8010753e+002  8.6736046e-004
  1.8064516e+002  8.6835198e-004
  1.8118280e+002  8.7441828e-004
  1.8172043e+002  8.7872459e-004
  1.8225806e+002  8.7993723e-004
  1.8279570e+002  8.8161723e-004
  1.8333333e+002  8.8411783e-004
  1.8387097e+002  8.8457687e-004
  1.8440860e+002  8.7999784e-004
  1.8494624e+002  8.7921204e-004
  1.8548387e+002  8.8205688e-004
  1.8602151e+002  8.8581427e-004
  1.8655914e+002  8.9631139e-004
  1.8709677e+002  8.9796905e-004
  1.8763441e+002  8.9704663e-004
  1.8817204e+002  9.0070947e-004
  1.8870968e+002  9.0769595e-004
  1.8924731e+002  9.1206096e-004
  1.8978495e+002  9.1137715e-004
  1.9032258e+002  9.1020521e-004
  1.9086022e+002  9.0406635e-004
  1.9139785e+002  8.9850758e-004
  1.9193548e+002  9.0311830e-004
  1.9247312e+002  9.0602219e-004
  1.9301075e+002  9.0519951e-004
  1.9354839e+002  9.0671795e-004
  1.9408602e+002  9.1254893e-004
  1.9462366e+002  9.2518976e-004
  1.9516129e+002  9.3280585e-004
  1.9569892e+002  9.3591268e-004
  1.9623656e+002  9.3473433e-004
  1.9677419e+002  9.3300896e-004
  1.9731183e+002  9.3969085e-004
  1.9784946e+002  9.4149449e-004
  1.9838710e+002  9.4362539e-004
  1.9892473e+002  9.3829432e-004
  1.9946237e+002  9.2871149e-004
  2.0000000e+002  9.2819841e-004
  2.0055249e+002  9.3064152e-004
  2.0110497e+002  9.3825726e-004
  2.0165746e+002  9.4210003e-004
  2.0220994e+002  9.4561326e-004
  2.0276243e+002  9.4564668e-004
  2.0331492e+002  9.4429223e-004
  2.0386740e+002  9.4227180e-004
  2.0441989e+002  9.3975215e-004
  2.0497238e+002  9.3704653e-004
  2.0552486e+002  9.3404654e-004
  2.0607735e+002  9.3780618e-004
  2.0662983e+002  9.4791092e-004
  2.0718232e+002  9.5633687e-004
  2.0773481e+002  9.5854206e-004
  2.0828729e+002  9.6200093e-004
  2.0883978e+002  9.6048128e-004
  2.0939227e+002  9.5173134e-004
  2.0994475e+002  9.4636028e-004
  2.1049724e+002  9.4714902e-004
  2.1104972e+002  9.5001845e-004
  2.1160221e+002  9.5533411e-004
  2.1215470e+002  9.5856267e-004
  2.1270718e+002  9.6362465e-004
  2.1325967e+002  9.6697287e-004
  2.1381215e+002  9.6674378e-004
  2.1436464e+002  9.6920368e-004
  2.1491713e+002  9.6510274e-004
  2.1546961e+002  9.5725618e-004
  2.1602210e+002  9.5210814e-004
  2.1657459e+002  9.5791730e-004
  2.1712707e+002  9.6649477e-004
  2.1767956e+002  9.6948230e-004
  2.1823204e+002  9.7000680e-004
  2.1878453e+002  9.7242255e-004
  2.1933702e+002  9.7954825e-004
  2.1988950e+002  9.8280989e-004
  2.2044199e+002  9.7905526e-004
  2.2099448e+002  9.7127935e-004
  2.2154696e+002  9.6506586e-004
  2.2209945e+002  9.6297201e-004
  2.2265193e+002  9.6869754e-004
  2.2320442e+002  9.7655380e-004
  2.2375691e+002  9.7876522e-004
  2.2430939e+002  9.7471951e-004
  2.2486188e+002  9.7537648e-004
  2.2541436e+002  9.7630046e-004
  2.2596685e+002  9.7597077e-004
  2.2651934e+002  9.7603414e-004
  2.2707182e+002  9.8131257e-004
  2.2762431e+002  9.8543551e-004
  2.2817680e+002  9.8353248e-004
  2.2872928e+002  9.8423257e-004
  2.2928177e+002  9.8414477e-004
  2.2983425e+002  9.7759241e-004
  2.3038674e+002  9.7026169e-004
  2.3093923e+002  9.6920264e-004
  2.3149171e+002  9.7336090e-004
  2.3204420e+002  9.7837284e-004
  2.3259669e+002  9.8333716e-004
  2.3314917e+002  9.8911896e-004
  2.3370166e+002  9.8952970e-004
  2.3425414e+002  9.9598925e-004
  2.3480663e+002  9.9984534e-004
  2.3535912e+002  1.0000533e-003
  2.3591160e+002  9.9279757e-004
  2.3646409e+002  9.8150045e-004
  2.3701657e+002  9.7490687e-004
  2.3756906e+002  9.7179727e-004
  2.3812155e+002  9.7949197e-004
  2.3867403e+002  9.8678182e-004
  2.3922652e+002  9.9327809e-004
  2.3977901e+002  9.9746163e-004
  2.4033149e+002  9.9835219e-004
  2.4088398e+002  9.9340207e-004
  2.4143646e+002  9.8552191e-004
  2.4198895e+002  9.8893818e-004
  2.4254144e+002  9.9769730e-004
  2.4309392e+002  1.0055255e-003
  2.4364641e+002  1.0102174e-003
  2.4419890e+002  1.0074625e-003
  2.4475138e+002  1.0059792e-003
  2.4530387e+002  1.0009283e-003
  2.4585635e+002  9.9612830e-004
  2.4640884e+002  9.9481488e-004
  2.4696133e+002  9.9334458e-004
  2.4751381e+002  9.9530059e-004
  2.4806630e+002  9.9762907e-004
  2.4861878e+002  1.0033059e-003
  2.4917127e+002  1.0033066e-003
  2.4972376e+002  1.0003633e-003
  2.5027624e+002  1.0017970e-003
  2.5082873e+002  1.0010744e-003
  2.5138122e+002  9.9848309e-004
  2.5193370e+002  9.9628137e-004
  2.5248619e+002  9.9349073e-004
  2.5303867e+002  9.9456103e-004
  2.5359116e+002  9.9283393e-004
  2.5414365e+002  9.9047688e-004
  2.5469613e+002  9.8828260e-004
  2.5524862e+002  9.8926615e-004
  2.5580110e+002  9.9242735e-004
  2.5635359e+002  9.9672258e-004
  2.5690608e+002  9.9980829e-004
  2.5745856e+002  1.0006415e-003
  2.5801105e+002  9.9846820e-004
  2.5856354e+002  1.0000152e-003
  2.5911602e+002  1.0027851e-003
  2.5966851e+002  1.0042488e-003
  2.6022099e+002  1.0045889e-003
  2.6077348e+002  1.0025648e-003
  2.6132597e+002  1.0014438e-003
  2.6187845e+002  1.0045227e-003
  2.6243094e+002  1.0035227e-003
  2.6298343e+002  9.9916690e-004
  2.6353591e+002  9.9764812e-004
  2.6408840e+002  1.0016635e-003
  2.6464088e+002  9.9990456e-004
  2.6519337e+002  1.0002923e-003
  2.6574586e+002  1.0066027e-003
  2.6629834e+002  1.0095726e-003
  2.6685083e+002  1.0114980e-003
  2.6740331e+002  1.0139045e-003
  2.6795580e+002  1.0155828e-003
  2.6850829e+002  1.0080200e-003
  2.6906077e+002  1.0030743e-003
  2.6961326e+002  9.9724621e-004
  2.7016575e+002  9.9649141e-004
  2.7071823e+002  9.9393350e-004
  2.7127072e+002  9.9616864e-004
  2.7182320e+002  9.9780085e-004
  2.7237569e+002  9.9550925e-004
  2.7292818e+002  9.9562821e-004
  2.7348066e+002  1.0006441e-003
  2.7403315e+002  1.0071537e-003
  2.7458564e+002  1.0144065e-003
  2.7513812e+002  1.0212565e-003
  2.7569061e+002  1.0212039e-003
  2.7624309e+002  1.0183596e-003
  2.7679558e+002  1.0162351e-003
  2.7734807e+002  1.0170304e-003
  2.7790055e+002  1.0120143e-003
  2.7845304e+002  1.0075608e-003
  2.7900552e+002  1.0039077e-003
  2.7955801e+002  1.0019612e-003
  2.8011050e+002  1.0026223e-003
  2.8066298e+002  1.0045309e-003
  2.8121547e+002  1.0103264e-003
  2.8176796e+002  1.0173847e-003
  2.8232044e+002  1.0173599e-003
  2.8287293e+002  1.0198148e-003
  2.8342541e+002  1.0134597e-003
  2.8397790e+002  1.0048317e-003
  2.8453039e+002  1.0036505e-003
  2.8508287e+002  1.0056069e-003
  2.8563536e+002  1.0068751e-003
  2.8618785e+002  1.0023927e-003
  2.8674033e+002  9.9931842e-004
  2.8729282e+002  1.0036337e-003
  2.8784530e+002  1.0056112e-003
  2.8839779e+002  1.0138070e-003
  2.8895028e+002  1.0172803e-003
  2.8950276e+002  1.0191322e-003
  2.9005525e+002  1.0150051e-003
  2.9060773e+002  1.0100419e-003
  2.9116022e+002  1.0108058e-003
  2.9171271e+002  1.0140777e-003
  2.9226519e+002  1.0170834e-003
  2.9281768e+002  1.0226910e-003
  2.9337017e+002  1.0269949e-003
  2.9392265e+002  1.0190659e-003
  2.9447514e+002  1.0119482e-003
  2.9502762e+002  1.0045884e-003
  2.9558011e+002  9.9360380e-004
  2.9613260e+002  9.8096192e-004
  2.9668508e+002  9.8038859e-004
  2.9723757e+002  9.8992190e-004
  2.9779006e+002  1.0059018e-003
  2.9834254e+002  1.0214238e-003
  2.9889503e+002  1.0231196e-003
  2.9944751e+002  1.0140929e-003
  3.0000000e+002  1.0063160e-003
  3.0062112e+002  9.9987080e-004
  3.0124224e+002  9.8825818e-004
  3.0186335e+002  9.8403932e-004
  3.0248447e+002  9.8543118e-004
  3.0310559e+002  9.8862546e-004
  3.0372671e+002  9.9573159e-004
  3.0434783e+002  1.0004904e-003
  3.0496894e+002  9.9671548e-004
  3.0559006e+002  9.8849489e-004
  3.0621118e+002  9.8504174e-004
  3.0683230e+002  9.8238114e-004
  3.0745342e+002  9.8215032e-004
  3.0807453e+002  9.7973353e-004
  3.0869565e+002  9.8365110e-004
  3.0931677e+002  9.7861890e-004
  3.0993789e+002  9.7132524e-004
  3.1055901e+002  9.6869407e-004
  3.1118012e+002  9.7076126e-004
  3.1180124e+002  9.7438203e-004
  3.1242236e+002  9.7502029e-004
  3.1304348e+002  9.7712124e-004
  3.1366460e+002  9.7270445e-004
  3.1428571e+002  9.6577356e-004
  3.1490683e+002  9.5936804e-004
  3.1552795e+002  9.5723592e-004
  3.1614907e+002  9.6346171e-004
  3.1677019e+002  9.7599622e-004
  3.1739130e+002  9.8363187e-004
  3.1801242e+002  9.8152244e-004
  3.1863354e+002  9.7052212e-004
  3.1925466e+002  9.6205755e-004
  3.1987578e+002  9.5962483e-004
  3.2049689e+002  9.6457789e-004
  3.2111801e+002  9.6804299e-004
  3.2173913e+002  9.7377822e-004
  3.2236025e+002  9.7061805e-004
  3.2298137e+002  9.6617062e-004
  3.2360248e+002  9.5626363e-004
  3.2422360e+002  9.4409535e-004
  3.2484472e+002  9.3733571e-004
  3.2546584e+002  9.3708584e-004
  3.2608696e+002  9.4520357e-004
  3.2670807e+002  9.5230727e-004
  3.2732919e+002  9.6212664e-004
  3.2795031e+002  9.6390240e-004
  3.2857143e+002  9.5960371e-004
  3.2919255e+002  9.5879297e-004
  3.2981366e+002  9.5658657e-004
  3.3043478e+002  9.5199611e-004
  3.3105590e+002  9.5661826e-004
  3.3167702e+002  9.6038137e-004
  3.3229814e+002  9.6269755e-004
  3.3291925e+002  9.6356924e-004
  3.3354037e+002  9.5975349e-004
  3.3416149e+002  9.5007698e-004
  3.3478261e+002  9.3786073e-004
  3.3540373e+002  9.3904722e-004
  3.3602484e+002  9.3968427e-004
  3.3664596e+002  9.4227353e-004
  3.3726708e+002  9.5064875e-004
  3.3788820e+002  9.5583575e-004
  3.3850932e+002  9.5747575e-004
  3.3913043e+002  9.5830951e-004
  3.3975155e+002  9.5947557e-004
  3.4037267e+002  9.5329013e-004
  3.4099379e+002  9.4373621e-004
  3.4161491e+002  9.3460377e-004
  3.4223602e+002  9.3129468e-004
  3.4285714e+002  9.2673175e-004
  3.4347826e+002  9.2532621e-004
  3.4409938e+002  9.2896811e-004
  3.4472050e+002  9.3637588e-004
  3.4534161e+002  9.3874038e-004
  3.4596273e+002  9.3810592e-004
  3.4658385e+002  9.3951596e-004
  3.4720497e+002  9.3396758e-004
  3.4782609e+002  9.3055616e-004
  3.4844720e+002  9.3321831e-004
  3.4906832e+002  9.3749086e-004
  3.4968944e+002  9.3343494e-004
  3.5031056e+002  9.2444431e-004
  3.5093168e+002  9.1700225e-004
  3.5155280e+002  9.0806063e-004
  3.5217391e+002  9.0588262e-004
  3.5279503e+002  9.0958980e-004
  3.5341615e+002  9.1291014e-004
  3.5403727e+002  9.1547983e-004
  3.5465839e+002  9.1830251e-004
  3.5527950e+002  9.1840329e-004
  3.5590062e+002  9.2314925e-004
  3.5652174e+002  9.2429591e-004
  3.5714286e+002  9.2158042e-004
  3.5776398e+002  9.1413386e-004
  3.5838509e+002  9.1006426e-004
  3.5900621e+002  9.0808158e-004
  3.5962733e+002  9.0391414e-004
  3.6024845e+002  9.0651829e-004
  3.6086957e+002  9.1116936e-004
  3.6149068e+002  9.1059499e-004
  3.6211180e+002  9.0175952e-004
  3.6273292e+002  9.0018099e-004
  3.6335404e+002  8.9644853e-004
  3.6397516e+002  8.9269062e-004
  3.6459627e+002  8.9610568e-004
  3.6521739e+002  8.9641910e-004
  3.6583851e+002  8.9738394e-004
  3.6645963e+002  8.9781961e-004
  3.6708075e+002  8.9915606e-004
  3.6770186e+002  9.0128488e-004
  3.6832298e+002  9.0158393e-004
  3.6894410e+002  9.0053406e-004
  3.6956522e+002  8.9961130e-004
  3.7018634e+002  8.9877199e-004
  3.7080745e+002  8.9310603e-004
  3.7142857e+002  8.8486847e-004
  3.7204969e+002  8.7895974e-004
  3.7267081e+002  8.7438798e-004
  3.7329193e+002  8.7345153e-004
  3.7391304e+002  8.7468252e-004
  3.7453416e+002  8.6754869e-004
  3.7515528e+002  8.6537848e-004
  3.7577640e+002  8.7160340e-004
  3.7639752e+002  8.7650659e-004
  3.7701863e+002  8.8136147e-004
  3.7763975e+002  8.8261289e-004
  3.7826087e+002  8.8072337e-004
  3.7888199e+002  8.8049931e-004
  3.7950311e+002  8.7737377e-004
  3.8012422e+002  8.7613222e-004
  3.8074534e+002  8.7806884e-004
  3.8136646e+002  8.7942745e-004
  3.8198758e+002  8.7899888e-004
  3.8260870e+002  8.7553153e-004
  3.8322981e+002  8.7085413e-004
  3.8385093e+002  8.6071355e-004
  3.8447205e+002  8.5982368e-004
  3.8509317e+002  8.6524878e-004
  3.8571429e+002  8.6811890e-004
  3.8633540e+002  8.6984219e-004
  3.8695652e+002  8.6729639e-004
  3.8757764e+002  8.6112446e-004
  3.8819876e+002  8.5643443e-004
  3.8881988e+002  8.5661001e-004
  3.8944099e+002  8.5530335e-004
  3.9006211e+002  8.5769642e-004
  3.9068323e+002  8.6163857e-004
  3.9130435e+002  8.5584032e-004
  3.9192547e+002  8.4604190e-004
  3.9254658e+002  8.3395240e-004
  3.9316770e+002  8.2358723e-004
  3.9378882e+002  8.1965633e-004
  3.9440994e+002  8.2645234e-004
  3.9503106e+002  8.3821283e-004
  3.9565217e+002  8.4664986e-004
  3.9627329e+002  8.4525021e-004
  3.9689441e+002  8.3479136e-004
  3.9751553e+002  8.3254513e-004
  3.9813665e+002  8.3086947e-004
  3.9875776e+002  8.3125042e-004
  3.9937888e+002  8.2475970e-004
  4.0000000e+002  8.1685530e-004
  4.0087719e+002  8.1287557e-004
  4.0175439e+002  8.1376232e-004
  4.0263158e+002  8.1697322e-004
  4.0350877e+002  8.1408509e-004
  4.0438596e+002  8.0962467e-004
  4.0526316e+002  8.0095248e-004
  4.0614035e+002  7.9720825e-004
  4.0701754e+002  7.9724357e-004
  4.0789474e+002  7.9647786e-004
  4.0877193e+002  7.9543198e-004
  4.0964912e+002  7.9586609e-004
  4.1052632e+002  7.9682435e-004
  4.1140351e+002  7.9593016e-004
  4.1228070e+002  7.9495856e-004
  4.1315789e+002  7.9304947e-004
  4.1403509e+002  7.9865812e-004
  4.1491228e+002  7.9647422e-004
  4.1578947e+002  7.9635855e-004
  4.1666667e+002  7.9197588e-004
  4.1754386e+002  7.8767580e-004
  4.1842105e+002  7.8271218e-004
  4.1929825e+002  7.8073452e-004
  4.2017544e+002  7.8542836e-004
  4.2105263e+002  7.8580897e-004
  4.2192982e+002  7.7579549e-004
  4.2280702e+002  7.6950615e-004
  4.2368421e+002  7.6979966e-004
  4.2456140e+002  7.6905161e-004
  4.2543860e+002  7.7121506e-004
  4.2631579e+002  7.7518562e-004
  4.2719298e+002  7.7616813e-004
  4.2807018e+002  7.6789161e-004
  4.2894737e+002  7.6371344e-004
  4.2982456e+002  7.6005526e-004
  4.3070175e+002  7.5409840e-004
  4.3157895e+002  7.4514084e-004
  4.3245614e+002  7.3728250e-004
  4.3333333e+002  7.3691212e-004
  4.3421053e+002  7.4085115e-004
  4.3508772e+002  7.4722828e-004
  4.3596491e+002  7.5081252e-004
  4.3684211e+002  7.5012542e-004
  4.3771930e+002  7.4438760e-004
  4.3859649e+002  7.3788978e-004
  4.3947368e+002  7.3652545e-004
  4.4035088e+002  7.3661636e-004
  4.4122807e+002  7.3063161e-004
  4.4210526e+002  7.2589136e-004
  4.4298246e+002  7.2425656e-004
  4.4385965e+002  7.2849967e-004
  4.4473684e+002  7.2946971e-004
  4.4561404e+002  7.3075438e-004
  4.4649123e+002  7.3301706e-004
  4.4736842e+002  7.2501639e-004
  4.4824561e+002  7.1989761e-004
  4.4912281e+002  7.1746679e-004
  4.5000000e+002  7.1062768e-004
  4.5087719e+002  7.0105714e-004
  4.5175439e+002  6.9341715e-004
  4.5263158e+002  6.8300281e-004
  4.5350877e+002  6.7732438e-004
  4.5438596e+002  6.8133008e-004
  4.5526316e+002  6.9167015e-004
  4.5614035e+002  6.9736121e-004
  4.5701754e+002  7.0144830e-004
  4.5789474e+002  7.0306302e-004
  4.5877193e+002  6.9931965e-004
  4.5964912e+002  6.9439672e-004
  4.6052632e+002  6.8880504e-004
  4.6140351e+002  6.8730375e-004
  4.6228070e+002  6.8827119e-004
  4.6315789e+002  6.8843587e-004
  4.6403509e+002  6.8420956e-004
  4.6491228e+002  6.8044783e-004
  4.6578947e+002  6.8054203e-004
  4.6666667e+002  6.8248506e-004
  4.6754386e+002  6.8438964e-004
  4.6842105e+002  6.8798340e-004
  4.6929825e+002  6.8545284e-004
  4.7017544e+002  6.7846031e-004
  4.7105263e+002  6.7500421e-004
  4.7192982e+002  6.8326722e-004
  4.7280702e+002  6.8559916e-004
  4.7368421e+002  6.8455951e-004
  4.7456140e+002  6.8177666e-004
  4.7543860e+002  6.7282448e-004
  4.7631579e+002  6.6318536e-004
  4.7719298e+002  6.6026399e-004
  4.7807018e+002  6.6279160e-004
  4.7894737e+002  6.6475679e-004
  4.7982456e+002  6.7245928e-004
  4.8070175e+002  6.7744853e-004
  4.8157895e+002  6.7461980e-004
  4.8245614e+002  6.6627073e-004
  4.8333333e+002  6.5445171e-004
  4.8421053e+002  6.4744826e-004
  4.8508772e+002  6.4658454e-004
  4.8596491e+002  6.5366798e-004
  4.8684211e+002  6.6037308e-004
  4.8771930e+002  6.6080061e-004
  4.8859649e+002  6.6286640e-004
  4.8947368e+002  6.6391696e-004
  4.9035088e+002  6.5904771e-004
  4.9122807e+002  6.5307335e-004
  4.9210526e+002  6.4369814e-004
  4.9298246e+002  6.3395530e-004
  4.9385965e+002  6.2658563e-004
  4.9473684e+002  6.2662459e-004
  4.9561404e+002  6.2850146e-004
  4.9649123e+002  6.2410459e-004
  4.9736842e+002  6.2591169e-004
  4.9824561e+002  6.2763168e-004
  4.9912281e+002  6.2536623e-004
  5.0000000e+002  6.2478875e-004
  5.0104167e+002  6.2675705e-004
  5.0208333e+002  6.2091568e-004
  5.0312500e+002  6.1280107e-004
  5.0416667e+002  6.1080575e-004
  5.0520833e+002  6.1170826e-004
  5.0625000e+002  6.0985666e-004
  5.0729167e+002  6.0579693e-004
  5.0833333e+002  6.0378014e-004
  5.0937500e+002  6.0471208e-004
  5.1041667e+002  6.1042064e-004
  5.1145833e+002  6.2134339e-004
  5.1250000e+002  6.3188605e-004
  5.1354167e+002  6.2894320e-004
  5.1458333e+002  6.0772454e-004
  5.1562500e+002  5.8508962e-004
  5.1666667e+002  5.7495389e-004
  5.1770833e+002  5.7532410e-004
  5.1875000e+002  5.7998920e-004
  5.1979167e+002  5.8114037e-004
  5.2083333e+002  5.7942383e-004
  5.2187500e+002  5.7541293e-004
  5.2291667e+002  5.7033156e-004
  5.2395833e+002  5.6900550e-004
  5.2500000e+002  5.6866420e-004
  5.2604167e+002  5.6705867e-004
  5.2708333e+002  5.6727997e-004
  5.2812500e+002  5.7182454e-004
  5.2916667e+002  5.7760566e-004
  5.3020833e+002  5.7077277e-004
  5.3125000e+002  5.6024137e-004
  5.3229167e+002  5.5572294e-004
  5.3333333e+002  5.5232450e-004
  5.3437500e+002  5.4799482e-004
  5.3541667e+002  5.4882287e-004
  5.3645833e+002  5.5451307e-004
  5.3750000e+002  5.4659326e-004
  5.3854167e+002  5.4167241e-004
  5.3958333e+002  5.3733285e-004
  5.4062500e+002  5.4020592e-004
  5.4166667e+002  5.5273455e-004
  5.4270833e+002  5.5978890e-004
  5.4375000e+002  5.5355117e-004
  5.4479167e+002  5.4315258e-004
  5.4583333e+002  5.2861235e-004
  5.4687500e+002  5.1346624e-004
  5.4791667e+002  5.1581325e-004
  5.4895833e+002  5.2141445e-004
  5.5000000e+002  5.1747004e-004
  5.5104167e+002  5.1679299e-004
  5.5208333e+002  5.2358206e-004
  5.5312500e+002  5.2728075e-004
  5.5416667e+002  5.2702171e-004
  5.5520833e+002  5.2432422e-004
  5.5625000e+002  5.1448667e-004
  5.5729167e+002  5.0595232e-004
  5.5833333e+002  5.0295544e-004
  5.5937500e+002  5.0939716e-004
  5.6041667e+002  5.0876859e-004
  5.6145833e+002  5.0153432e-004
  5.6250000e+002  4.9088690e-004
  5.6354167e+002  4.8951651e-004
  5.6458333e+002  4.9409884e-004
  5.6562500e+002  4.9427408e-004
  5.6666667e+002  4.9155062e-004
  5.6770833e+002  4.8298389e-004
  5.6875000e+002  4.7668157e-004
  5.6979167e+002  4.7415430e-004
  5.7083333e+002  4.7919567e-004
  5.7187500e+002  4.7923013e-004
  5.7291667e+002  4.7414876e-004
  5.7395833e+002  4.6999691e-004
  5.7500000e+002  4.7094755e-004
  5.7604167e+002  4.7067102e-004
  5.7708333e+002  4.6681735e-004
  5.7812500e+002  4.5718274e-004
  5.7916667e+002  4.5194362e-004
  5.8020833e+002  4.4746415e-004
  5.8125000e+002  4.4605255e-004
  5.8229167e+002  4.5054327e-004
  5.8333333e+002  4.4783159e-004
  5.8437500e+002  4.3528807e-004
  5.8541667e+002  4.2214351e-004
  5.8645833e+002  4.2049832e-004
  5.8750000e+002  4.2680030e-004
  5.8854167e+002  4.3287336e-004
  5.8958333e+002  4.3296565e-004
  5.9062500e+002  4.2678697e-004
  5.9166667e+002  4.2134369e-004
  5.9270833e+002  4.2470559e-004
  5.9375000e+002  4.2688740e-004
  5.9479167e+002  4.2783545e-004
  5.9583333e+002  4.2441814e-004
  5.9687500e+002  4.2037936e-004
  5.9791667e+002  4.1940915e-004
  5.9895833e+002  4.1876846e-004
  6.0000000e+002  4.1831374e-004
  6.0270270e+002  4.1349886e-004
  6.0540541e+002  4.0844831e-004
  6.0810811e+002  4.0958839e-004
  6.1081081e+002  4.1169783e-004
  6.1351351e+002  4.1236016e-004
  6.1621622e+002  4.0641385e-004
  6.1891892e+002  4.0628797e-004
  6.2162162e+002  4.0756848e-004
  6.2432432e+002  4.0815238e-004
  6.2702703e+002  4.0748502e-004
  6.2972973e+002  4.0086893e-004
  6.3243243e+002  3.9180454e-004
  6.3513514e+002  3.8394049e-004
  6.3783784e+002  3.7324458e-004
  6.4054054e+002  3.6375318e-004
  6.4324324e+002  3.6534503e-004
  6.4594595e+002  3.7262294e-004
  6.4864865e+002  3.7378311e-004
  6.5135135e+002  3.8504161e-004
  6.5405405e+002  3.9240921e-004
  6.5675676e+002  3.8670568e-004
  6.5945946e+002  3.7705098e-004
  6.6216216e+002  3.7178294e-004
  6.6486486e+002  3.6470919e-004
  6.6756757e+002  3.5325693e-004
  6.7027027e+002  3.5266628e-004
  6.7297297e+002  3.5435839e-004
  6.7567568e+002  3.5229866e-004
  6.7837838e+002  3.5051234e-004
  6.8108108e+002  3.5012169e-004
  6.8378378e+002  3.5049433e-004
  6.8648649e+002  3.4764845e-004
  6.8918919e+002  3.4475876e-004
  6.9189189e+002  3.4192397e-004
  6.9459459e+002  3.3610372e-004
  6.9729730e+002  3.2928798e-004
  7.0000000e+002  3.2950044e-004
  7.0270270e+002  3.4316535e-004
  7.0540541e+002  3.4827824e-004
  7.0810811e+002  3.4485366e-004
  7.1081081e+002  3.3638597e-004
  7.1351351e+002  3.2929404e-004
  7.1621622e+002  3.2759222e-004
  7.1891892e+002  3.2884382e-004
  7.2162162e+002  3.2397630e-004
  7.2432432e+002  3.1126395e-004
  7.2702703e+002  3.0244647e-004
  7.2972973e+002  2.9696864e-004
  7.3243243e+002  2.9594226e-004
  7.3513514e+002  2.9454138e-004
  7.3783784e+002  2.9282174e-004
  7.4054054e+002  2.9107612e-004
  7.4324324e+002  2.9193877e-004
  7.4594595e+002  2.9379031e-004
  7.4864865e+002  2.9370777e-004
  7.5135135e+002  2.8996063e-004
  7.5405405e+002  2.8675397e-004
  7.5675676e+002  2.8741087e-004
  7.5945946e+002  2.8716070e-004
  7.6216216e+002  2.8282066e-004
  7.6486486e+002  2.7921790e-004
  7.6756757e+002  2.7726992e-004
  7.7027027e+002  2.8234444e-004
  7.7297297e+002  2.8839294e-004
  7.7567568e+002  2.9119939e-004
  7.7837838e+002  2.9069008e-004
  7.8108108e+002  2.9069358e-004
  7.8378378e+002  2.8927879e-004
  7.8648649e+002  2.8514590e-004
  7.8918919e+002  2.7702379e-004
  7.9189189e+002  2.5885618e-004
  7.9459459e+002  2.4333925e-004
  7.9729730e+002  2.4274437e-004
  8.0000000e+002  2.4986015e-004
  8.0270270e+002  2.6019029e-004
  8.0540541e+002  2.6752134e-004
  8.0810811e+002  2.6632686e-004
  8.1081081e+002  2.6062418e-004
  8.1351351e+002  2.5692387e-004
  8.1621622e+002  2.5510383e-004
  8.1891892e+002  2.5538012e-004
  8.2162162e+002  2.5720545e-004
  8.2432432e+002  2.5433271e-004
  8.2702703e+002  2.5058316e-004
  8.2972973e+002  2.4461060e-004
  8.3243243e+002  2.4078277e-004
  8.3513514e+002  2.4091605e-004
  8.3783784e+002  2.4371493e-004
  8.4054054e+002  2.4414858e-004
  8.4324324e+002  2.3891600e-004
  8.4594595e+002  2.3491061e-004
  8.4864865e+002  2.2816837e-004
  8.5135135e+002  2.2339573e-004
  8.5405405e+002  2.1835860e-004
  8.5675676e+002  2.1477298e-004
  8.5945946e+002  2.1158400e-004
  8.6216216e+002  2.0634086e-004
  8.6486486e+002  2.0718865e-004
  8.6756757e+002  2.0944128e-004
  8.7027027e+002  2.0842948e-004
  8.7297297e+002  2.0824461e-004
  8.7567568e+002  2.0534474e-004
  8.7837838e+002  2.0010860e-004
  8.8108108e+002  1.9457034e-004
  8.8378378e+002  1.9735231e-004
  8.8648649e+002  1.9495723e-004
  8.8918919e+002  1.9403209e-004
  8.9189189e+002  1.9506312e-004
  8.9459459e+002  1.9595562e-004
  8.9729730e+002  1.9468160e-004
  9.0000000e+002  1.9101516e-004
  9.0270270e+002  1.8816092e-004
  9.0540541e+002  1.8472850e-004
  9.0810811e+002  1.8801573e-004
  9.1081081e+002  1.9219450e-004
  9.1351351e+002  1.9119930e-004
  9.1621622e+002  1.9008247e-004
  9.1891892e+002  1.8593003e-004
  9.2162162e+002  1.8488488e-004
  9.2432432e+002  1.8535942e-004
  9.2702703e+002  1.8337676e-004
  9.2972973e+002  1.8085801e-004
  9.3243243e+002  1.7868396e-004
  9.3513514e+002  1.8093429e-004
  9.3783784e+002  1.8116566e-004
  9.4054054e+002  1.7776361e-004
  9.4324324e+002  1.7268703e-004
  9.4594595e+002  1.7131959e-004
  9.4864865e+002  1.7119332e-004
  9.5135135e+002  1.6963593e-004
  9.5405405e+002  1.6911153e-004
  9.5675676e+002  1.6655394e-004
  9.5945946e+002  1.6193458e-004
  9.6216216e+002  1.6158012e-004
  9.6486486e+002  1.6299440e-004
  9.6756757e+002  1.6026237e-004
  9.7027027e+002  1.5449937e-004
  9.7297297e+002  1.5156986e-004
  9.7567568e+002  1.5239690e-004
  9.7837838e+002  1.5661563e-004
  9.8108108e+002  1.5901063e-004
  9.8378378e+002  1.5626629e-004
  9.8648649e+002  1.4938262e-004
  9.8918919e+002  1.4471560e-004
  9.9189189e+002  1.4490236e-004
  9.9459459e+002  1.5005013e-004
  9.9729730e+002  1.5278031e-004
  1.0000000e+003  1.4921425e-004
  1.0076923e+003  1.4510750e-004
  1.0153846e+003  1.4251238e-004
  1.0230769e+003  1.4280134e-004
  1.0307692e+003  1.4626402e-004
  1.0384615e+003  1.4795213e-004
  1.0461538e+003  1.4645049e-004
  1.0538462e+003  1.4073597e-004
  1.0615385e+003  1.3492918e-004
  1.0692308e+003  1.3175626e-004
  1.0769231e+003  1.2842019e-004
  1.0846154e+003  1.2749919e-004
  1.0923077e+003  1.2381870e-004
  1.1000000e+003  1.2525122e-004
  1.1076923e+003  1.2708156e-004
  1.1153846e+003  1.2952714e-004
  1.1230769e+003  1.3237008e-004
  1.1307692e+003  1.3405061e-004
  1.1384615e+003  1.3411846e-004
  1.1461538e+003  1.3317688e-004
  1.1538462e+003  1.3354618e-004
  1.1615385e+003  1.3110955e-004
  1.1692308e+003  1.2687439e-004
  1.1769231e+003  1.2185422e-004
  1.1846154e+003  1.1766788e-004
  1.1923077e+003  1.1804578e-004
  1.2000000e+003  1.1995932e-004
  1.2076923e+003  1.2390236e-004
  1.2153846e+003  1.2555085e-004
  1.2230769e+003  1.2602984e-004
  1.2307692e+003  1.2531696e-004
  1.2384615e+003  1.2520680e-004
  1.2461538e+003  1.2453909e-004
  1.2538462e+003  1.1929794e-004
  1.2615385e+003  1.1807539e-004
  1.2692308e+003  1.1621187e-004
  1.2769231e+003  1.1580941e-004
  1.2846154e+003  1.1529266e-004
  1.2923077e+003  1.1950252e-004
  1.3000000e+003  1.2084736e-004
  1.3076923e+003  1.2076408e-004
  1.3153846e+003  1.1924325e-004
  1.3230769e+003  1.1690864e-004
  1.3307692e+003  1.1687983e-004
  1.3384615e+003  1.1782270e-004
  1.3461538e+003  1.2270051e-004
  1.3538462e+003  1.2568483e-004
  1.3615385e+003  1.2558734e-004
  1.3692308e+003  1.2053574e-004
  1.3769231e+003  1.1614265e-004
  1.3846154e+003  1.1419003e-004
  1.3923077e+003  1.1320674e-004
  1.4000000e+003  1.1613253e-004
  1.4076923e+003  1.1995646e-004
  1.4153846e+003  1.2033477e-004
  1.4230769e+003  1.1551268e-004
  1.4307692e+003  1.1086436e-004
  1.4384615e+003  1.0338100e-004
  1.4461538e+003  1.0015441e-004
  1.4538462e+003  1.0404115e-004
  1.4615385e+003  1.0981989e-004
  1.4692308e+003  1.1348437e-004
  1.4769231e+003  1.1254943e-004
  1.4846154e+003  1.0747216e-004
  1.4923077e+003  1.0220190e-004
  1.5000000e+003  1.0075597e-004
  1.5076923e+003  1.0244578e-004
  1.5153846e+003  1.0281795e-004
  1.5230769e+003  1.0126258e-004
  1.5307692e+003  9.7837585e-005
  1.5384615e+003  9.6617173e-005
  1.5461538e+003  9.8065031e-005
  1.5538462e+003  1.0146712e-004
  1.5615385e+003  1.0248187e-004
  1.5692308e+003  1.0110078e-004
  1.5769231e+003  9.9919173e-005
  1.5846154e+003  1.0067152e-004
  1.5923077e+003  1.0333903e-004
  1.6000000e+003  1.0770662e-004
  1.6076923e+003  1.1330822e-004
  1.6153846e+003  1.1394399e-004
  1.6230769e+003  1.0848998e-004
  1.6307692e+003  1.0024322e-004
  1.6384615e+003  9.2061322e-005
  1.6461538e+003  8.6678876e-005
  1.6538462e+003  8.6422374e-005
  1.6615385e+003  8.8706750e-005
  1.6692308e+003  9.1639020e-005
  1.6769231e+003  9.5872482e-005
  1.6846154e+003  9.8265255e-005
  1.6923077e+003  9.5442543e-005
  1.7000000e+003  8.9454332e-005
  1.7076923e+003  8.6690114e-005
  1.7153846e+003  8.8327980e-005
  1.7230769e+003  9.1294034e-005
  1.7307692e+003  9.4466459e-005
  1.7384615e+003  9.3684920e-005
  1.7461538e+003  8.8197175e-005
  1.7538462e+003  8.3561238e-005
  1.7615385e+003  8.1197261e-005
  1.7692308e+003  8.3223196e-005
  1.7769231e+003  8.5156992e-005
  1.7846154e+003  8.4186224e-005
  1.7923077e+003  8.4601392e-005
  1.8000000e+003  8.2916426e-005
  1.8076923e+003  8.1850420e-005
  1.8153846e+003  8.1234698e-005
  1.8230769e+003  8.3602433e-005
  1.8307692e+003  8.2778418e-005
  1.8384615e+003  8.2268583e-005
  1.8461538e+003  8.5657909e-005
  1.8538462e+003  8.3869792e-005
  1.8615385e+003  8.2826262e-005
  1.8692308e+003  8.2300098e-005
  1.8769231e+003  8.0225973e-005
  1.8846154e+003  7.9399984e-005
  1.8923077e+003  8.3573740e-005
  1.9000000e+003  8.6441422e-005
  1.9076923e+003  8.3883056e-005
  1.9153846e+003  8.0156467e-005
  1.9230769e+003  7.3791288e-005
  1.9307692e+003  6.5779549e-005
  1.9384615e+003  6.5969246e-005
  1.9461538e+003  7.0336698e-005
  1.9538462e+003  7.2947341e-005
  1.9615385e+003  7.3519842e-005
  1.9692308e+003  7.3983547e-005
  1.9769231e+003  7.5225951e-005
  1.9846154e+003  7.5750937e-005
  1.9923077e+003  7.2849281e-005
  2.0000000e+003  6.6826144e-005
  2.0358120e+003  5.9203374e-005
  2.0716239e+003  5.4319992e-005
  2.1074359e+003  5.8344588e-005
  2.1432479e+003  6.7174992e-005
  2.1790598e+003  7.3413643e-005
  2.2148718e+003  7.7103938e-005
  2.2506838e+003  7.6406138e-005
  2.2864957e+003  7.3213904e-005
  2.3223077e+003  7.1440609e-005
  2.3581197e+003  6.9763003e-005
  2.3939316e+003  6.7074057e-005
  2.4297436e+003  6.6094648e-005
  2.4655556e+003  6.7755856e-005
  2.5013675e+003  6.8194972e-005
  2.5371795e+003  6.9719799e-005
  2.5729915e+003  7.0933563e-005
  2.6088034e+003  6.9155229e-005
  2.6446154e+003  6.6511599e-005
  2.6804274e+003  6.4253250e-005
  2.7162393e+003  6.3180490e-005
  2.7520513e+003  6.3938878e-005
  2.7878632e+003  6.3924523e-005
  2.8236752e+003  6.4668556e-005
  2.8594872e+003  6.5158234e-005
  2.8952991e+003  6.5413230e-005
  2.9311111e+003  6.5645298e-005
  2.9669231e+003  6.8339560e-005
  3.0027350e+003  7.3082943e-005
  3.0385470e+003  7.2217837e-005
  3.0743590e+003  6.7708566e-005
  3.1101709e+003  6.2503591e-005
  3.1459829e+003  5.9223669e-005
  3.1817949e+003  5.7539690e-005
  3.2176068e+003  5.7422928e-005
  3.2534188e+003  5.8425956e-005
  3.2892308e+003  5.6912211e-005
  3.3250427e+003  5.4249135e-005
  3.3608547e+003  5.3841413e-005
  3.3966667e+003  5.3485743e-005
  3.4324786e+003  5.3892824e-005
  3.4682906e+003  5.3500028e-005
  3.5041026e+003  5.4554935e-005
  3.5399145e+003  5.6330325e-005
  3.5757265e+003  5.5891105e-005
  3.6115385e+003  5.5060856e-005
  3.6473504e+003  5.2431113e-005
  3.6831624e+003  5.2420724e-005
  3.7189744e+003  5.4627454e-005
  3.7547863e+003  5.7316141e-005
  3.7905983e+003  5.8397333e-005
  3.8264103e+003  5.7471344e-005
  3.8622222e+003  5.5957096e-005
  3.8980342e+003  5.3868634e-005
  3.9338462e+003  5.2759441e-005
  3.9696581e+003  5.2870749e-005
  4.0054701e+003  5.1610925e-005
  4.0412821e+003  5.0661092e-005
  4.0770940e+003  5.2033816e-005
  4.1129060e+003  5.5892802e-005
  4.1487179e+003  5.4394104e-005
  4.1845299e+003  5.2973675e-005
  4.2203419e+003  4.9274740e-005
  4.2561538e+003  4.7078260e-005
  4.2919658e+003  4.5898523e-005
  4.3277778e+003  4.5399078e-005
  4.3635897e+003  4.5484394e-005
  4.3994017e+003  4.5032170e-005
  4.4352137e+003  4.5727666e-005
  4.4710256e+003  4.5390576e-005
  4.5068376e+003  4.9479848e-005
  4.5426496e+003  5.2658870e-005
  4.5784615e+003  5.1971253e-005
  4.6142735e+003  4.9493077e-005
  4.6500855e+003  4.8008578e-005
  4.6858974e+003  4.9509042e-005
  4.7217094e+003  5.2016396e-005
  4.7575214e+003  5.2441416e-005
  4.7933333e+003  4.7962327e-005
  4.8291453e+003  4.3555186e-005
  4.8649573e+003  4.5108551e-005
  4.9007692e+003  4.9723847e-005
  4.9365812e+003  5.4258659e-005
  4.9723932e+003  5.4451541e-005
  5.0082051e+003  5.1691046e-005
  5.0440171e+003  4.9073978e-005
  5.0798291e+003  4.8257132e-005
  5.1156410e+003  5.0233854e-005
  5.1514530e+003  5.2073244e-005
  5.1872650e+003  5.3163544e-005
  5.2230769e+003  5.0567464e-005
  5.2588889e+003  4.9332956e-005
  5.2947009e+003  5.4745705e-005
  5.3305128e+003  6.1100997e-005
  5.3663248e+003  6.7414368e-005
  5.4021368e+003  7.0657563e-005
  5.4379487e+003  6.9816682e-005
  5.4737607e+003  6.3941822e-005
  5.5095726e+003  5.9139444e-005
  5.5453846e+003  5.5877304e-005
  5.5811966e+003  5.0600070e-005
  5.6170085e+003  4.8003574e-005
  5.6528205e+003  5.0442858e-005
  5.6886325e+003  4.9906427e-005
  5.7244444e+003  4.8137392e-005
  5.7602564e+003  4.6931351e-005
  5.7960684e+003  4.6075457e-005
  5.8318803e+003  4.6473881e-005
  5.8676923e+003  5.1465886e-005
  5.9035043e+003  5.5716318e-005
  5.9393162e+003  5.3907820e-005
  5.9751282e+003  5.1278700e-005
  6.0109402e+003  4.8894966e-005
  6.0467521e+003  4.8148526e-005
  6.0825641e+003  4.7208719e-005
  6.1183761e+003  4.7062243e-005
  6.1541880e+003  4.6484097e-005
  6.1900000e+003  4.3639481e-005
  6.2258120e+003  4.2432470e-005
  6.2616239e+003  4.5291615e-005
  6.2974359e+003  5.2474628e-005
  6.3332479e+003  5.7075483e-005
  6.3690598e+003  5.6199728e-005
  6.4048718e+003  5.0159153e-005
  6.4406838e+003  4.2766963e-005
  6.4764957e+003  3.6821159e-005
  6.5123077e+003  3.5690911e-005
  6.5481197e+003  4.0789236e-005
  6.5839316e+003  4.5682212e-005
  6.6197436e+003  4.7245117e-005
  6.6555556e+003  4.6232150e-005
  6.6913675e+003  4.5469866e-005
  6.7271795e+003  4.5009036e-005
  6.7629915e+003  5.2026716e-005
  6.7988034e+003  5.9783771e-005
  6.8346154e+003  6.0569795e-005
  6.8704274e+003  5.7903481e-005
  6.9062393e+003  4.7319489e-005
  6.9420513e+003  3.8443233e-005
  6.9778632e+003  3.3382431e-005
  7.0136752e+003  3.5288730e-005
  7.0494872e+003  4.1884766e-005
  7.0852991e+003  4.5769623e-005
  7.1211111e+003  4.7492580e-005
  7.1569231e+003  4.4619651e-005
  7.1927350e+003  3.8962764e-005
  7.2285470e+003  3.7238439e-005
  7.2643590e+003  3.7774109e-005
  7.3001709e+003  4.0559401e-005
  7.3359829e+003  4.2628349e-005
  7.3717949e+003  4.3518113e-005
  7.4076068e+003  4.3076382e-005
  7.4434188e+003  3.9645118e-005
  7.4792308e+003  4.2764816e-005
  7.5150427e+003  5.0415464e-005
  7.5508547e+003  5.5699123e-005
  7.5866667e+003  6.0614159e-005
  7.6224786e+003  6.0106835e-005
  7.6582906e+003  5.7068626e-005
  7.6941026e+003  5.3370488e-005
  7.7299145e+003  5.3218349e-005
  7.7657265e+003  5.3831179e-005
  7.8015385e+003  5.3596894e-005
  7.8373504e+003  5.6222152e-005
  7.8731624e+003  5.9179063e-005
  7.9089744e+003  6.3848021e-005
  7.9447863e+003  6.9743193e-005
  7.9805983e+003  7.0792489e-005
  8.0164103e+003  6.6536136e-005
  8.0522222e+003  6.2147298e-005
  8.0880342e+003  5.5821945e-005
  8.1238462e+003  4.8888801e-005
  8.1596581e+003  4.7034555e-005
  8.1954701e+003  5.3359440e-005
  8.2312821e+003  5.8274234e-005
  8.2670940e+003  5.9079617e-005
  8.3029060e+003  5.7164660e-005
  8.3387179e+003  5.0810044e-005
  8.3745299e+003  4.0713756e-005
  8.4103419e+003  3.6710597e-005
  8.4461538e+003  4.5652722e-005
  8.4819658e+003  5.2217988e-005
  8.5177778e+003  5.5323609e-005
  8.5535897e+003  5.5447210e-005
  8.5894017e+003  5.3698037e-005
  8.6252137e+003  5.4207317e-005
  8.6610256e+003  5.8581125e-005
  8.6968376e+003  6.4741231e-005
  8.7326496e+003  6.8986849e-005
  8.7684615e+003  6.7827302e-005
  8.8042735e+003  6.3601823e-005
  8.8400855e+003  5.4661688e-005
  8.8758974e+003  5.2115391e-005
  8.9117094e+003  6.0804184e-005
  8.9475214e+003  6.8060098e-005
  8.9833333e+003  7.2140885e-005
