  4.5331126e+001  2.1539338e-004
  4.5761589e+001  2.1586830e-004
  4.6192053e+001  2.1639586e-004
  4.6622517e+001  2.1633924e-004
  4.7052980e+001  2.1794348e-004
  4.7483444e+001  2.1912786e-004
  4.7913907e+001  2.1702145e-004
  4.8344371e+001  2.1696967e-004
  4.8774834e+001  2.1805344e-004
  4.9205298e+001  2.1958157e-004
  4.9635762e+001  2.2062831e-004
  5.0066225e+001  2.2152557e-004
  5.0496689e+001  2.2535170e-004
  5.0927152e+001  2.2883787e-004
  5.1357616e+001  2.3368255e-004
  5.1788079e+001  2.3657478e-004
  5.2218543e+001  2.3893446e-004
  5.2649007e+001  2.3881075e-004
  5.3079470e+001  2.3754556e-004
  5.3509934e+001  2.3953792e-004
  5.3940397e+001  2.4248396e-004
  5.4370861e+001  2.4508980e-004
  5.4801325e+001  2.4880214e-004
  5.5231788e+001  2.5184395e-004
  5.5662252e+001  2.5485846e-004
  5.6092715e+001  2.5910778e-004
  5.6523179e+001  2.6427886e-004
  5.6953642e+001  2.6929904e-004
  5.7384106e+001  2.6839961e-004
  5.7814570e+001  2.6869017e-004
  5.8245033e+001  2.7404352e-004
  5.8675497e+001  2.7942497e-004
  5.9105960e+001  2.8409489e-004
  5.9536424e+001  2.8487638e-004
  5.9966887e+001  2.8578264e-004
  6.0397351e+001  2.8818266e-004
  6.0827815e+001  2.9219525e-004
  6.1258278e+001  2.9524712e-004
  6.1688742e+001  2.9235604e-004
  6.2119205e+001  2.9236093e-004
  6.2549669e+001  2.9514964e-004
  6.2980132e+001  3.0200866e-004
  6.3410596e+001  3.0781152e-004
  6.3841060e+001  3.1010039e-004
  6.4271523e+001  3.1329792e-004
  6.4701987e+001  3.1617507e-004
  6.5132450e+001  3.1966101e-004
  6.5562914e+001  3.2640363e-004
  6.5993377e+001  3.3265169e-004
  6.6423841e+001  3.3559621e-004
  6.6854305e+001  3.3718304e-004
  6.7284768e+001  3.3766190e-004
  6.7715232e+001  3.3743618e-004
  6.8145695e+001  3.3673900e-004
  6.8576159e+001  3.3961890e-004
  6.9006623e+001  3.4691536e-004
  6.9437086e+001  3.5313595e-004
  6.9867550e+001  3.6161754e-004
  7.0298013e+001  3.6783683e-004
  7.0728477e+001  3.7393646e-004
  7.1158940e+001  3.7849858e-004
  7.1589404e+001  3.8186227e-004
  7.2019868e+001  3.8424142e-004
  7.2450331e+001  3.8013025e-004
  7.2880795e+001  3.8014193e-004
  7.3311258e+001  3.8462252e-004
  7.3741722e+001  3.8920822e-004
  7.4172185e+001  3.9215642e-004
  7.4602649e+001  3.9607056e-004
  7.5033113e+001  4.0092013e-004
  7.5463576e+001  4.0275878e-004
  7.5894040e+001  4.0414410e-004
  7.6324503e+001  4.0603076e-004
  7.6754967e+001  4.0564858e-004
  7.7185430e+001  4.1269130e-004
  7.7615894e+001  4.2419298e-004
  7.8046358e+001  4.3297075e-004
  7.8476821e+001  4.3831475e-004
  7.8907285e+001  4.3998340e-004
  7.9337748e+001  4.4324046e-004
  7.9768212e+001  4.4352228e-004
  8.0198675e+001  4.4656240e-004
  8.0629139e+001  4.4876766e-004
  8.1059603e+001  4.5198600e-004
  8.1490066e+001  4.6023062e-004
  8.1920530e+001  4.6533628e-004
  8.2350993e+001  4.6873760e-004
  8.2781457e+001  4.7041857e-004
  8.3211921e+001  4.7859571e-004
  8.3642384e+001  4.8733693e-004
  8.4072848e+001  4.9311416e-004
  8.4503311e+001  4.9647806e-004
  8.4933775e+001  4.9376064e-004
  8.5364238e+001  4.9165422e-004
  8.5794702e+001  4.9469824e-004
  8.6225166e+001  4.9959496e-004
  8.6655629e+001  5.0158480e-004
  8.7086093e+001  5.0016423e-004
  8.7516556e+001  5.0297898e-004
  8.7947020e+001  5.0651505e-004
  8.8377483e+001  5.1384629e-004
  8.8807947e+001  5.2052997e-004
  8.9238411e+001  5.2638528e-004
  8.9668874e+001  5.2914596e-004
  9.0099338e+001  5.2935251e-004
  9.0529801e+001  5.3444476e-004
  9.0960265e+001  5.3867705e-004
  9.1390728e+001  5.4579568e-004
  9.1821192e+001  5.4907675e-004
  9.2251656e+001  5.5199034e-004
  9.2682119e+001  5.5420252e-004
  9.3112583e+001  5.5631239e-004
  9.3543046e+001  5.6346152e-004
  9.3973510e+001  5.6871101e-004
  9.4403974e+001  5.7046401e-004
  9.4834437e+001  5.6566181e-004
  9.5264901e+001  5.6761747e-004
  9.5695364e+001  5.7064353e-004
  9.6125828e+001  5.7745612e-004
  9.6556291e+001  5.8642595e-004
  9.6986755e+001  5.8897207e-004
  9.7417219e+001  5.9477763e-004
  9.7847682e+001  6.0169447e-004
  9.8278146e+001  6.1315657e-004
  9.8708609e+001  6.2166182e-004
  9.9139073e+001  6.2800117e-004
  9.9569536e+001  6.2882306e-004
  1.0000000e+002  6.2775417e-004
  1.0054348e+002  6.2957487e-004
  1.0108696e+002  6.3358720e-004
  1.0163043e+002  6.3941136e-004
  1.0217391e+002  6.4496451e-004
  1.0271739e+002  6.4538108e-004
  1.0326087e+002  6.4464030e-004
  1.0380435e+002  6.4806779e-004
  1.0434783e+002  6.5531533e-004
  1.0489130e+002  6.6602562e-004
  1.0543478e+002  6.7248328e-004
  1.0597826e+002  6.7422676e-004
  1.0652174e+002  6.7140877e-004
  1.0706522e+002  6.6864831e-004
  1.0760870e+002  6.6917669e-004
  1.0815217e+002  6.7312219e-004
  1.0869565e+002  6.7735189e-004
  1.0923913e+002  6.8461651e-004
  1.0978261e+002  6.9403341e-004
  1.1032609e+002  7.0242532e-004
  1.1086957e+002  7.0626094e-004
  1.1141304e+002  7.0807018e-004
  1.1195652e+002  7.0906704e-004
  1.1250000e+002  7.0574813e-004
  1.1304348e+002  7.0759651e-004
  1.1358696e+002  7.1431199e-004
  1.1413043e+002  7.2111722e-004
  1.1467391e+002  7.2566183e-004
  1.1521739e+002  7.2895890e-004
  1.1576087e+002  7.3214826e-004
  1.1630435e+002  7.3514059e-004
  1.1684783e+002  7.4001871e-004
  1.1739130e+002  7.4225576e-004
  1.1793478e+002  7.4624711e-004
  1.1847826e+002  7.4406132e-004
  1.1902174e+002  7.4657543e-004
  1.1956522e+002  7.5687434e-004
  1.2010870e+002  7.6256743e-004
  1.2065217e+002  7.6287477e-004
  1.2119565e+002  7.6343798e-004
  1.2173913e+002  7.6467406e-004
  1.2228261e+002  7.6642901e-004
  1.2282609e+002  7.7367633e-004
  1.2336957e+002  7.8229513e-004
  1.2391304e+002  7.8602867e-004
  1.2445652e+002  7.8864833e-004
  1.2500000e+002  7.8929610e-004
  1.2554348e+002  7.8976847e-004
  1.2608696e+002  7.9012794e-004
  1.2663043e+002  7.9090463e-004
  1.2717391e+002  7.9470781e-004
  1.2771739e+002  7.9674133e-004
  1.2826087e+002  8.0160323e-004
  1.2880435e+002  8.0957425e-004
  1.2934783e+002  8.1927275e-004
  1.2989130e+002  8.2628346e-004
  1.3043478e+002  8.3195189e-004
  1.3097826e+002  8.3225945e-004
  1.3152174e+002  8.3300131e-004
  1.3206522e+002  8.3448201e-004
  1.3260870e+002  8.3371765e-004
  1.3315217e+002  8.3310816e-004
  1.3369565e+002  8.3447920e-004
  1.3423913e+002  8.3263492e-004
  1.3478261e+002  8.3421987e-004
  1.3532609e+002  8.3481206e-004
  1.3586957e+002  8.3378773e-004
  1.3641304e+002  8.3719230e-004
  1.3695652e+002  8.4758853e-004
  1.3750000e+002  8.5653911e-004
  1.3804348e+002  8.5801613e-004
  1.3858696e+002  8.5924875e-004
  1.3913043e+002  8.6124269e-004
  1.3967391e+002  8.5979141e-004
  1.4021739e+002  8.6530801e-004
  1.4076087e+002  8.7267689e-004
  1.4130435e+002  8.7440978e-004
  1.4184783e+002  8.7380720e-004
  1.4239130e+002  8.7605096e-004
  1.4293478e+002  8.7805118e-004
  1.4347826e+002  8.7262801e-004
  1.4402174e+002  8.7320398e-004
  1.4456522e+002  8.7587382e-004
  1.4510870e+002  8.8235614e-004
  1.4565217e+002  8.9495677e-004
  1.4619565e+002  9.1114364e-004
  1.4673913e+002  9.2057460e-004
  1.4728261e+002  9.1903183e-004
  1.4782609e+002  9.1588529e-004
  1.4836957e+002  9.1518106e-004
  1.4891304e+002  9.1872145e-004
  1.4945652e+002  9.1516203e-004
  1.5000000e+002  9.1163483e-004
  1.5053763e+002  9.1094834e-004
  1.5107527e+002  9.1514732e-004
  1.5161290e+002  9.2265635e-004
  1.5215054e+002  9.3145445e-004
  1.5268817e+002  9.3609834e-004
  1.5322581e+002  9.3263797e-004
  1.5376344e+002  9.3540773e-004
  1.5430108e+002  9.4308006e-004
  1.5483871e+002  9.4414852e-004
  1.5537634e+002  9.4324876e-004
  1.5591398e+002  9.4407649e-004
  1.5645161e+002  9.4986626e-004
  1.5698925e+002  9.6382409e-004
  1.5752688e+002  9.7414506e-004
  1.5806452e+002  9.7636719e-004
  1.5860215e+002  9.7528294e-004
  1.5913978e+002  9.7460251e-004
  1.5967742e+002  9.7078332e-004
  1.6021505e+002  9.6977629e-004
  1.6075269e+002  9.7267366e-004
  1.6129032e+002  9.6953967e-004
  1.6182796e+002  9.7205811e-004
  1.6236559e+002  9.8037281e-004
  1.6290323e+002  9.8438190e-004
  1.6344086e+002  9.8161213e-004
  1.6397849e+002  9.7706817e-004
  1.6451613e+002  9.7307271e-004
  1.6505376e+002  9.6805682e-004
  1.6559140e+002  9.7035464e-004
  1.6612903e+002  9.7737595e-004
  1.6666667e+002  9.8476905e-004
  1.6720430e+002  9.8633475e-004
  1.6774194e+002  9.8647879e-004
  1.6827957e+002  9.8726499e-004
  1.6881720e+002  9.9146376e-004
  1.6935484e+002  1.0059444e-003
  1.6989247e+002  1.0152470e-003
  1.7043011e+002  1.0180149e-003
  1.7096774e+002  1.0161702e-003
  1.7150538e+002  1.0143276e-003
  1.7204301e+002  1.0075007e-003
  1.7258065e+002  1.0100123e-003
  1.7311828e+002  1.0165612e-003
  1.7365591e+002  1.0174700e-003
  1.7419355e+002  1.0209996e-003
  1.7473118e+002  1.0283629e-003
  1.7526882e+002  1.0281593e-003
  1.7580645e+002  1.0280157e-003
  1.7634409e+002  1.0311130e-003
  1.7688172e+002  1.0314873e-003
  1.7741935e+002  1.0334538e-003
  1.7795699e+002  1.0403410e-003
  1.7849462e+002  1.0473556e-003
  1.7903226e+002  1.0490290e-003
  1.7956989e+002  1.0531597e-003
  1.8010753e+002  1.0515001e-003
  1.8064516e+002  1.0523581e-003
  1.8118280e+002  1.0572856e-003
  1.8172043e+002  1.0567892e-003
  1.8225806e+002  1.0502026e-003
  1.8279570e+002  1.0464736e-003
  1.8333333e+002  1.0418959e-003
  1.8387097e+002  1.0381451e-003
  1.8440860e+002  1.0472187e-003
  1.8494624e+002  1.0597207e-003
  1.8548387e+002  1.0640506e-003
  1.8602151e+002  1.0615310e-003
  1.8655914e+002  1.0636342e-003
  1.8709677e+002  1.0587877e-003
  1.8763441e+002  1.0521674e-003
  1.8817204e+002  1.0522718e-003
  1.8870968e+002  1.0569765e-003
  1.8924731e+002  1.0533600e-003
  1.8978495e+002  1.0457402e-003
  1.9032258e+002  1.0423358e-003
  1.9086022e+002  1.0411406e-003
  1.9139785e+002  1.0554071e-003
  1.9193548e+002  1.0713496e-003
  1.9247312e+002  1.0808210e-003
  1.9301075e+002  1.0776930e-003
  1.9354839e+002  1.0702234e-003
  1.9408602e+002  1.0678215e-003
  1.9462366e+002  1.0729172e-003
  1.9516129e+002  1.0845283e-003
  1.9569892e+002  1.0907390e-003
  1.9623656e+002  1.0904522e-003
  1.9677419e+002  1.0777925e-003
  1.9731183e+002  1.0659422e-003
  1.9784946e+002  1.0559932e-003
  1.9838710e+002  1.0519547e-003
  1.9892473e+002  1.0622850e-003
  1.9946237e+002  1.0678663e-003
  2.0000000e+002  1.0612401e-003
  2.0055249e+002  1.0610003e-003
  2.0110497e+002  1.0705000e-003
  2.0165746e+002  1.0726927e-003
  2.0220994e+002  1.0811467e-003
  2.0276243e+002  1.0929652e-003
  2.0331492e+002  1.0879418e-003
  2.0386740e+002  1.0829494e-003
  2.0441989e+002  1.0876124e-003
  2.0497238e+002  1.0938092e-003
  2.0552486e+002  1.0948908e-003
  2.0607735e+002  1.0960951e-003
  2.0662983e+002  1.0928813e-003
  2.0718232e+002  1.0865405e-003
  2.0773481e+002  1.0819956e-003
  2.0828729e+002  1.0880599e-003
  2.0883978e+002  1.0987669e-003
  2.0939227e+002  1.1074199e-003
  2.0994475e+002  1.1083821e-003
  2.1049724e+002  1.1096292e-003
  2.1104972e+002  1.1075648e-003
  2.1160221e+002  1.1010665e-003
  2.1215470e+002  1.0916000e-003
  2.1270718e+002  1.0843817e-003
  2.1325967e+002  1.0847892e-003
  2.1381215e+002  1.0892057e-003
  2.1436464e+002  1.0979089e-003
  2.1491713e+002  1.0956519e-003
  2.1546961e+002  1.0854287e-003
  2.1602210e+002  1.0780919e-003
  2.1657459e+002  1.0844628e-003
  2.1712707e+002  1.0986518e-003
  2.1767956e+002  1.1123596e-003
  2.1823204e+002  1.1184250e-003
  2.1878453e+002  1.1206503e-003
  2.1933702e+002  1.1254804e-003
  2.1988950e+002  1.1340988e-003
  2.2044199e+002  1.1383021e-003
  2.2099448e+002  1.1291004e-003
  2.2154696e+002  1.1184107e-003
  2.2209945e+002  1.1072933e-003
  2.2265193e+002  1.1019072e-003
  2.2320442e+002  1.1043960e-003
  2.2375691e+002  1.1054540e-003
  2.2430939e+002  1.1066469e-003
  2.2486188e+002  1.1047974e-003
  2.2541436e+002  1.1063153e-003
  2.2596685e+002  1.1092585e-003
  2.2651934e+002  1.1152594e-003
  2.2707182e+002  1.1241453e-003
  2.2762431e+002  1.1191653e-003
  2.2817680e+002  1.1147749e-003
  2.2872928e+002  1.1043878e-003
  2.2928177e+002  1.1028785e-003
  2.2983425e+002  1.1006614e-003
  2.3038674e+002  1.1061531e-003
  2.3093923e+002  1.1112356e-003
  2.3149171e+002  1.1075068e-003
  2.3204420e+002  1.1020292e-003
  2.3259669e+002  1.1032194e-003
  2.3314917e+002  1.1101775e-003
  2.3370166e+002  1.1045117e-003
  2.3425414e+002  1.1050507e-003
  2.3480663e+002  1.1035434e-003
  2.3535912e+002  1.1020038e-003
  2.3591160e+002  1.1025435e-003
  2.3646409e+002  1.1032064e-003
  2.3701657e+002  1.1054856e-003
  2.3756906e+002  1.1092501e-003
  2.3812155e+002  1.1182608e-003
  2.3867403e+002  1.1196102e-003
  2.3922652e+002  1.1191949e-003
  2.3977901e+002  1.1118068e-003
  2.4033149e+002  1.1013096e-003
  2.4088398e+002  1.0990747e-003
  2.4143646e+002  1.1068357e-003
  2.4198895e+002  1.1170429e-003
  2.4254144e+002  1.1181983e-003
  2.4309392e+002  1.1113729e-003
  2.4364641e+002  1.1069626e-003
  2.4419890e+002  1.0952667e-003
  2.4475138e+002  1.0944578e-003
  2.4530387e+002  1.1027924e-003
  2.4585635e+002  1.1088197e-003
  2.4640884e+002  1.1067135e-003
  2.4696133e+002  1.1041371e-003
  2.4751381e+002  1.1027425e-003
  2.4806630e+002  1.0988794e-003
  2.4861878e+002  1.1029166e-003
  2.4917127e+002  1.1089151e-003
  2.4972376e+002  1.1137579e-003
  2.5027624e+002  1.1169882e-003
  2.5082873e+002  1.1154722e-003
  2.5138122e+002  1.1114629e-003
  2.5193370e+002  1.1098823e-003
  2.5248619e+002  1.1102229e-003
  2.5303867e+002  1.1100715e-003
  2.5359116e+002  1.1013723e-003
  2.5414365e+002  1.1033496e-003
  2.5469613e+002  1.1027148e-003
  2.5524862e+002  1.1120330e-003
  2.5580110e+002  1.1227191e-003
  2.5635359e+002  1.1281215e-003
  2.5690608e+002  1.1251811e-003
  2.5745856e+002  1.1157984e-003
  2.5801105e+002  1.1085852e-003
  2.5856354e+002  1.0944643e-003
  2.5911602e+002  1.0981957e-003
  2.5966851e+002  1.1034761e-003
  2.6022099e+002  1.1081654e-003
  2.6077348e+002  1.1121250e-003
  2.6132597e+002  1.1120240e-003
  2.6187845e+002  1.1027810e-003
  2.6243094e+002  1.0993154e-003
  2.6298343e+002  1.0916946e-003
  2.6353591e+002  1.0938319e-003
  2.6408840e+002  1.0960772e-003
  2.6464088e+002  1.0985463e-003
  2.6519337e+002  1.1068532e-003
  2.6574586e+002  1.1146201e-003
  2.6629834e+002  1.1218607e-003
  2.6685083e+002  1.1158137e-003
  2.6740331e+002  1.1146116e-003
  2.6795580e+002  1.1078741e-003
  2.6850829e+002  1.0982528e-003
  2.6906077e+002  1.0988004e-003
  2.6961326e+002  1.1003640e-003
  2.7016575e+002  1.1014471e-003
  2.7071823e+002  1.1012436e-003
  2.7127072e+002  1.1041851e-003
  2.7182320e+002  1.1038698e-003
  2.7237569e+002  1.1006512e-003
  2.7292818e+002  1.1043570e-003
  2.7348066e+002  1.1004183e-003
  2.7403315e+002  1.0935313e-003
  2.7458564e+002  1.0886555e-003
  2.7513812e+002  1.0882266e-003
  2.7569061e+002  1.0878278e-003
  2.7624309e+002  1.0881046e-003
  2.7679558e+002  1.0890109e-003
  2.7734807e+002  1.0829239e-003
  2.7790055e+002  1.0859134e-003
  2.7845304e+002  1.0964144e-003
  2.7900552e+002  1.1088558e-003
  2.7955801e+002  1.1134556e-003
  2.8011050e+002  1.1063490e-003
  2.8066298e+002  1.0937573e-003
  2.8121547e+002  1.0759454e-003
  2.8176796e+002  1.0624089e-003
  2.8232044e+002  1.0581682e-003
  2.8287293e+002  1.0649618e-003
  2.8342541e+002  1.0766808e-003
  2.8397790e+002  1.0789953e-003
  2.8453039e+002  1.0813325e-003
  2.8508287e+002  1.0781868e-003
  2.8563536e+002  1.0677028e-003
  2.8618785e+002  1.0679762e-003
  2.8674033e+002  1.0738585e-003
  2.8729282e+002  1.0734264e-003
  2.8784530e+002  1.0688452e-003
  2.8839779e+002  1.0735107e-003
  2.8895028e+002  1.0738760e-003
  2.8950276e+002  1.0719117e-003
  2.9005525e+002  1.0772808e-003
  2.9060773e+002  1.0761622e-003
  2.9116022e+002  1.0670401e-003
  2.9171271e+002  1.0632814e-003
  2.9226519e+002  1.0531787e-003
  2.9281768e+002  1.0480614e-003
  2.9337017e+002  1.0492657e-003
  2.9392265e+002  1.0546694e-003
  2.9447514e+002  1.0631101e-003
  2.9502762e+002  1.0732845e-003
  2.9558011e+002  1.0779195e-003
  2.9613260e+002  1.0726142e-003
  2.9668508e+002  1.0686830e-003
  2.9723757e+002  1.0554975e-003
  2.9779006e+002  1.0477257e-003
  2.9834254e+002  1.0510678e-003
  2.9889503e+002  1.0621278e-003
  2.9944751e+002  1.0644165e-003
  3.0000000e+002  1.0577711e-003
  3.0062112e+002  1.0481589e-003
  3.0124224e+002  1.0430838e-003
  3.0186335e+002  1.0417372e-003
  3.0248447e+002  1.0377285e-003
  3.0310559e+002  1.0319344e-003
  3.0372671e+002  1.0235092e-003
  3.0434783e+002  1.0241202e-003
  3.0496894e+002  1.0356163e-003
  3.0559006e+002  1.0426393e-003
  3.0621118e+002  1.0368411e-003
  3.0683230e+002  1.0266360e-003
  3.0745342e+002  1.0185699e-003
  3.0807453e+002  1.0143577e-003
  3.0869565e+002  1.0147031e-003
  3.0931677e+002  1.0159439e-003
  3.0993789e+002  1.0116640e-003
  3.1055901e+002  1.0090578e-003
  3.1118012e+002  1.0066073e-003
  3.1180124e+002  1.0057017e-003
  3.1242236e+002  1.0073182e-003
  3.1304348e+002  1.0113708e-003
  3.1366460e+002  1.0190537e-003
  3.1428571e+002  1.0253308e-003
  3.1490683e+002  1.0228275e-003
  3.1552795e+002  1.0109109e-003
  3.1614907e+002  9.9469941e-004
  3.1677019e+002  9.8621990e-004
  3.1739130e+002  9.8318280e-004
  3.1801242e+002  9.8383685e-004
  3.1863354e+002  9.9717524e-004
  3.1925466e+002  1.0052133e-003
  3.1987578e+002  1.0026672e-003
  3.2049689e+002  9.9012863e-004
  3.2111801e+002  9.7731863e-004
  3.2173913e+002  9.6706449e-004
  3.2236025e+002  9.6738157e-004
  3.2298137e+002  9.7793007e-004
  3.2360248e+002  9.8391818e-004
  3.2422360e+002  9.7962468e-004
  3.2484472e+002  9.7878592e-004
  3.2546584e+002  9.7518410e-004
  3.2608696e+002  9.6608385e-004
  3.2670807e+002  9.6458326e-004
  3.2732919e+002  9.7453805e-004
  3.2795031e+002  9.7717999e-004
  3.2857143e+002  9.6776094e-004
  3.2919255e+002  9.5866350e-004
  3.2981366e+002  9.4579662e-004
  3.3043478e+002  9.4254475e-004
  3.3105590e+002  9.5649847e-004
  3.3167702e+002  9.7173585e-004
  3.3229814e+002  9.6770708e-004
  3.3291925e+002  9.5687762e-004
  3.3354037e+002  9.4636761e-004
  3.3416149e+002  9.4487091e-004
  3.3478261e+002  9.5996489e-004
  3.3540373e+002  9.7534415e-004
  3.3602484e+002  9.7832869e-004
  3.3664596e+002  9.6787665e-004
  3.3726708e+002  9.5276558e-004
  3.3788820e+002  9.3652875e-004
  3.3850932e+002  9.1869983e-004
  3.3913043e+002  9.1094380e-004
  3.3975155e+002  9.1457676e-004
  3.4037267e+002  9.2727796e-004
  3.4099379e+002  9.3920226e-004
  3.4161491e+002  9.4198738e-004
  3.4223602e+002  9.3656941e-004
  3.4285714e+002  9.2648679e-004
  3.4347826e+002  9.2300739e-004
  3.4409938e+002  9.2266976e-004
  3.4472050e+002  9.2632457e-004
  3.4534161e+002  9.2677077e-004
  3.4596273e+002  9.2845694e-004
  3.4658385e+002  9.3015673e-004
  3.4720497e+002  9.3072730e-004
  3.4782609e+002  9.3011629e-004
  3.4844720e+002  9.3273162e-004
  3.4906832e+002  9.2957254e-004
  3.4968944e+002  9.1903399e-004
  3.5031056e+002  9.0862261e-004
  3.5093168e+002  9.0579185e-004
  3.5155280e+002  9.1152106e-004
  3.5217391e+002  9.2577261e-004
  3.5279503e+002  9.3128726e-004
  3.5341615e+002  9.2718106e-004
  3.5403727e+002  9.2117587e-004
  3.5465839e+002  9.1687307e-004
  3.5527950e+002  9.1216949e-004
  3.5590062e+002  9.0962207e-004
  3.5652174e+002  9.1781500e-004
  3.5714286e+002  9.1069398e-004
  3.5776398e+002  9.0078439e-004
  3.5838509e+002  8.9328336e-004
  3.5900621e+002  8.9168738e-004
  3.5962733e+002  8.8797050e-004
  3.6024845e+002  8.8826076e-004
  3.6086957e+002  8.9251771e-004
  3.6149068e+002  8.8236371e-004
  3.6211180e+002  8.7477984e-004
  3.6273292e+002  8.7304912e-004
  3.6335404e+002  8.7375767e-004
  3.6397516e+002  8.7343865e-004
  3.6459627e+002  8.7549186e-004
  3.6521739e+002  8.7639723e-004
  3.6583851e+002  8.7652830e-004
  3.6645963e+002  8.7806199e-004
  3.6708075e+002  8.7868879e-004
  3.6770186e+002  8.6965948e-004
  3.6832298e+002  8.6418635e-004
  3.6894410e+002  8.5241994e-004
  3.6956522e+002  8.4295114e-004
  3.7018634e+002  8.4518343e-004
  3.7080745e+002  8.5465764e-004
  3.7142857e+002  8.6384549e-004
  3.7204969e+002  8.6320831e-004
  3.7267081e+002  8.5737874e-004
  3.7329193e+002  8.4769192e-004
  3.7391304e+002  8.4444589e-004
  3.7453416e+002  8.4165601e-004
  3.7515528e+002  8.3591166e-004
  3.7577640e+002  8.2489966e-004
  3.7639752e+002  8.1196400e-004
  3.7701863e+002  8.0793978e-004
  3.7763975e+002  8.0983855e-004
  3.7826087e+002  8.1573733e-004
  3.7888199e+002  8.1758139e-004
  3.7950311e+002  8.2123058e-004
  3.8012422e+002  8.2109734e-004
  3.8074534e+002  8.1669808e-004
  3.8136646e+002  8.1309302e-004
  3.8198758e+002  8.1178362e-004
  3.8260870e+002  8.1570143e-004
  3.8322981e+002  8.1926194e-004
  3.8385093e+002  8.1650018e-004
  3.8447205e+002  8.0883390e-004
  3.8509317e+002  8.0607193e-004
  3.8571429e+002  8.0962335e-004
  3.8633540e+002  8.1311811e-004
  3.8695652e+002  8.1210437e-004
  3.8757764e+002  8.0604987e-004
  3.8819876e+002  7.9791360e-004
  3.8881988e+002  7.9724095e-004
  3.8944099e+002  8.0207474e-004
  3.9006211e+002  8.0749552e-004
  3.9068323e+002  8.0831482e-004
  3.9130435e+002  8.0107420e-004
  3.9192547e+002  7.8506598e-004
  3.9254658e+002  7.7615844e-004
  3.9316770e+002  7.7853521e-004
  3.9378882e+002  7.8724766e-004
  3.9440994e+002  7.9062432e-004
  3.9503106e+002  7.9411648e-004
  3.9565217e+002  7.9211324e-004
  3.9627329e+002  7.8353077e-004
  3.9689441e+002  7.7655035e-004
  3.9751553e+002  7.6652807e-004
  3.9813665e+002  7.5798692e-004
  3.9875776e+002  7.5317606e-004
  3.9937888e+002  7.6447702e-004
  4.0000000e+002  7.7713756e-004
  4.0087719e+002  7.7960972e-004
  4.0175439e+002  7.7391879e-004
  4.0263158e+002  7.6654515e-004
  4.0350877e+002  7.6007322e-004
  4.0438596e+002  7.5342630e-004
  4.0526316e+002  7.5249324e-004
  4.0614035e+002  7.5001092e-004
  4.0701754e+002  7.4973602e-004
  4.0789474e+002  7.4141614e-004
  4.0877193e+002  7.3469958e-004
  4.0964912e+002  7.2898853e-004
  4.1052632e+002  7.2940056e-004
  4.1140351e+002  7.3073332e-004
  4.1228070e+002  7.2546263e-004
  4.1315789e+002  7.2261652e-004
  4.1403509e+002  7.1899502e-004
  4.1491228e+002  7.1504325e-004
  4.1578947e+002  7.1699783e-004
  4.1666667e+002  7.1508738e-004
  4.1754386e+002  7.1146631e-004
  4.1842105e+002  7.0748512e-004
  4.1929825e+002  7.0766983e-004
  4.2017544e+002  7.0752925e-004
  4.2105263e+002  7.0507267e-004
  4.2192982e+002  7.0499891e-004
  4.2280702e+002  6.9681355e-004
  4.2368421e+002  6.9796528e-004
  4.2456140e+002  6.9215994e-004
  4.2543860e+002  6.8987011e-004
  4.2631579e+002  6.8649323e-004
  4.2719298e+002  6.8746306e-004
  4.2807018e+002  6.9062625e-004
  4.2894737e+002  6.9269178e-004
  4.2982456e+002  6.9323423e-004
  4.3070175e+002  6.8339601e-004
  4.3157895e+002  6.8342716e-004
  4.3245614e+002  6.8240239e-004
  4.3333333e+002  6.8823109e-004
  4.3421053e+002  6.9078176e-004
  4.3508772e+002  6.8491153e-004
  4.3596491e+002  6.7679992e-004
  4.3684211e+002  6.7854622e-004
  4.3771930e+002  6.7646879e-004
  4.3859649e+002  6.6688427e-004
  4.3947368e+002  6.5904779e-004
  4.4035088e+002  6.5299890e-004
  4.4122807e+002  6.5331879e-004
  4.4210526e+002  6.5901491e-004
  4.4298246e+002  6.6658775e-004
  4.4385965e+002  6.6290633e-004
  4.4473684e+002  6.5370832e-004
  4.4561404e+002  6.4861478e-004
  4.4649123e+002  6.5112954e-004
  4.4736842e+002  6.6170941e-004
  4.4824561e+002  6.7339904e-004
  4.4912281e+002  6.7988006e-004
  4.5000000e+002  6.6866777e-004
  4.5087719e+002  6.4994927e-004
  4.5175439e+002  6.3355086e-004
  4.5263158e+002  6.2314900e-004
  4.5350877e+002  6.2216317e-004
  4.5438596e+002  6.2775871e-004
  4.5526316e+002  6.3356211e-004
  4.5614035e+002  6.3088427e-004
  4.5701754e+002  6.3488643e-004
  4.5789474e+002  6.3652567e-004
  4.5877193e+002  6.3289962e-004
  4.5964912e+002  6.2228515e-004
  4.6052632e+002  6.1896278e-004
  4.6140351e+002  6.1365489e-004
  4.6228070e+002  6.0638594e-004
  4.6315789e+002  6.0623930e-004
  4.6403509e+002  6.0391898e-004
  4.6491228e+002  6.0217528e-004
  4.6578947e+002  6.0511418e-004
  4.6666667e+002  6.1208465e-004
  4.6754386e+002  6.1066387e-004
  4.6842105e+002  6.0608660e-004
  4.6929825e+002  6.0001912e-004
  4.7017544e+002  5.9790254e-004
  4.7105263e+002  5.9769361e-004
  4.7192982e+002  5.9568560e-004
  4.7280702e+002  5.9285506e-004
  4.7368421e+002  5.8876076e-004
  4.7456140e+002  5.7823172e-004
  4.7543860e+002  5.6455334e-004
  4.7631579e+002  5.5951906e-004
  4.7719298e+002  5.5464547e-004
  4.7807018e+002  5.5650683e-004
  4.7894737e+002  5.6629250e-004
  4.7982456e+002  5.7227909e-004
  4.8070175e+002  5.7036084e-004
  4.8157895e+002  5.6685441e-004
  4.8245614e+002  5.6927984e-004
  4.8333333e+002  5.6630136e-004
  4.8421053e+002  5.5645233e-004
  4.8508772e+002  5.4977968e-004
  4.8596491e+002  5.4943513e-004
  4.8684211e+002  5.5064720e-004
  4.8771930e+002  5.4625291e-004
  4.8859649e+002  5.4446704e-004
  4.8947368e+002  5.4429011e-004
  4.9035088e+002  5.4266840e-004
  4.9122807e+002  5.4458556e-004
  4.9210526e+002  5.4825746e-004
  4.9298246e+002  5.5102765e-004
  4.9385965e+002  5.4205371e-004
  4.9473684e+002  5.4115050e-004
  4.9561404e+002  5.4087084e-004
  4.9649123e+002  5.3319895e-004
  4.9736842e+002  5.2857301e-004
  4.9824561e+002  5.3124739e-004
  4.9912281e+002  5.3684705e-004
  5.0000000e+002  5.3850164e-004
  5.0104167e+002  5.3691778e-004
  5.0208333e+002  5.3053949e-004
  5.0312500e+002  5.1568862e-004
  5.0416667e+002  5.0363671e-004
  5.0520833e+002  4.9610172e-004
  5.0625000e+002  4.9648584e-004
  5.0729167e+002  5.0150520e-004
  5.0833333e+002  5.0390425e-004
  5.0937500e+002  5.0416682e-004
  5.1041667e+002  5.0088533e-004
  5.1145833e+002  4.9985191e-004
  5.1250000e+002  4.9755884e-004
  5.1354167e+002  4.9650769e-004
  5.1458333e+002  4.9887040e-004
  5.1562500e+002  4.9848001e-004
  5.1666667e+002  5.0057409e-004
  5.1770833e+002  5.0212746e-004
  5.1875000e+002  5.0687559e-004
  5.1979167e+002  5.0696579e-004
  5.2083333e+002  4.9511221e-004
  5.2187500e+002  4.8448044e-004
  5.2291667e+002  4.7620986e-004
  5.2395833e+002  4.6833271e-004
  5.2500000e+002  4.6425009e-004
  5.2604167e+002  4.6773597e-004
  5.2708333e+002  4.6581189e-004
  5.2812500e+002  4.6455938e-004
  5.2916667e+002  4.6402407e-004
  5.3020833e+002  4.5445945e-004
  5.3125000e+002  4.4507673e-004
  5.3229167e+002  4.4396156e-004
  5.3333333e+002  4.4998989e-004
  5.3437500e+002  4.5547405e-004
  5.3541667e+002  4.5918228e-004
  5.3645833e+002  4.5588889e-004
  5.3750000e+002  4.4783222e-004
  5.3854167e+002  4.4599638e-004
  5.3958333e+002  4.4783784e-004
  5.4062500e+002  4.4959279e-004
  5.4166667e+002  4.4543577e-004
  5.4270833e+002  4.3646658e-004
  5.4375000e+002  4.3345220e-004
  5.4479167e+002  4.3288315e-004
  5.4583333e+002  4.3215232e-004
  5.4687500e+002  4.3087234e-004
  5.4791667e+002  4.2567757e-004
  5.4895833e+002  4.2419579e-004
  5.5000000e+002  4.2493333e-004
  5.5104167e+002  4.2584065e-004
  5.5208333e+002  4.2137217e-004
  5.5312500e+002  4.1505120e-004
  5.5416667e+002  4.1308192e-004
  5.5520833e+002  4.1137152e-004
  5.5625000e+002  4.0763604e-004
  5.5729167e+002  3.9711284e-004
  5.5833333e+002  3.8630934e-004
  5.5937500e+002  3.8414907e-004
  5.6041667e+002  3.9183459e-004
  5.6145833e+002  3.9731204e-004
  5.6250000e+002  3.9426673e-004
  5.6354167e+002  3.8567280e-004
  5.6458333e+002  3.7991093e-004
  5.6562500e+002  3.7953892e-004
  5.6666667e+002  3.8304557e-004
  5.6770833e+002  3.8462165e-004
  5.6875000e+002  3.7764209e-004
  5.6979167e+002  3.7224964e-004
  5.7083333e+002  3.7032013e-004
  5.7187500e+002  3.7253232e-004
  5.7291667e+002  3.7569508e-004
  5.7395833e+002  3.7860024e-004
  5.7500000e+002  3.7793862e-004
  5.7604167e+002  3.7682950e-004
  5.7708333e+002  3.7225915e-004
  5.7812500e+002  3.6333935e-004
  5.7916667e+002  3.5160659e-004
  5.8020833e+002  3.4390909e-004
  5.8125000e+002  3.4961185e-004
  5.8229167e+002  3.6534872e-004
  5.8333333e+002  3.7228295e-004
  5.8437500e+002  3.6703508e-004
  5.8541667e+002  3.5474865e-004
  5.8645833e+002  3.3987172e-004
  5.8750000e+002  3.3159277e-004
  5.8854167e+002  3.3044816e-004
  5.8958333e+002  3.2943784e-004
  5.9062500e+002  3.2660101e-004
  5.9166667e+002  3.3267212e-004
  5.9270833e+002  3.3174804e-004
  5.9375000e+002  3.3006812e-004
  5.9479167e+002  3.3240953e-004
  5.9583333e+002  3.3340603e-004
  5.9687500e+002  3.3754908e-004
  5.9791667e+002  3.4758996e-004
  5.9895833e+002  3.5436007e-004
  6.0000000e+002  3.4109793e-004
  6.0270270e+002  3.2277854e-004
  6.0540541e+002  3.0672502e-004
  6.0810811e+002  2.9801065e-004
  6.1081081e+002  3.0200083e-004
  6.1351351e+002  3.0862815e-004
  6.1621622e+002  3.0941292e-004
  6.1891892e+002  3.0573218e-004
  6.2162162e+002  3.0843451e-004
  6.2432432e+002  3.1573807e-004
  6.2702703e+002  3.2023525e-004
  6.2972973e+002  3.1217791e-004
  6.3243243e+002  3.0155643e-004
  6.3513514e+002  2.9546961e-004
  6.3783784e+002  2.9796192e-004
  6.4054054e+002  2.9836984e-004
  6.4324324e+002  2.9220955e-004
  6.4594595e+002  2.8378926e-004
  6.4864865e+002  2.7690815e-004
  6.5135135e+002  2.7739075e-004
  6.5405405e+002  2.8491189e-004
  6.5675676e+002  2.9085395e-004
  6.5945946e+002  2.8421792e-004
  6.6216216e+002  2.7575067e-004
  6.6486486e+002  2.7215153e-004
  6.6756757e+002  2.7068183e-004
  6.7027027e+002  2.7490146e-004
  6.7297297e+002  2.8151328e-004
  6.7567568e+002  2.7996183e-004
  6.7837838e+002  2.7444899e-004
  6.8108108e+002  2.7506230e-004
  6.8378378e+002  2.7722460e-004
  6.8648649e+002  2.7837524e-004
  6.8918919e+002  2.7780494e-004
  6.9189189e+002  2.6991364e-004
  6.9459459e+002  2.5719976e-004
  6.9729730e+002  2.4800660e-004
  7.0000000e+002  2.4493927e-004
  7.0270270e+002  2.4612205e-004
  7.0540541e+002  2.5358112e-004
  7.0810811e+002  2.6057649e-004
  7.1081081e+002  2.6252867e-004
  7.1351351e+002  2.6088442e-004
  7.1621622e+002  2.5605693e-004
  7.1891892e+002  2.4733561e-004
  7.2162162e+002  2.4310146e-004
  7.2432432e+002  2.3986547e-004
  7.2702703e+002  2.3821086e-004
  7.2972973e+002  2.3288560e-004
  7.3243243e+002  2.2419143e-004
  7.3513514e+002  2.2133401e-004
  7.3783784e+002  2.2743354e-004
  7.4054054e+002  2.3871720e-004
  7.4324324e+002  2.4588042e-004
  7.4594595e+002  2.4305695e-004
  7.4864865e+002  2.3183508e-004
  7.5135135e+002  2.2172786e-004
  7.5405405e+002  2.1989174e-004
  7.5675676e+002  2.2578179e-004
  7.5945946e+002  2.2998057e-004
  7.6216216e+002  2.2888050e-004
  7.6486486e+002  2.2499416e-004
  7.6756757e+002  2.2025742e-004
  7.7027027e+002  2.1558228e-004
  7.7297297e+002  2.1910665e-004
  7.7567568e+002  2.2397019e-004
  7.7837838e+002  2.1715339e-004
  7.8108108e+002  2.0644775e-004
  7.8378378e+002  1.9662486e-004
  7.8648649e+002  1.8881786e-004
  7.8918919e+002  1.8826347e-004
  7.9189189e+002  1.9367357e-004
  7.9459459e+002  1.9968902e-004
  7.9729730e+002  2.0136100e-004
  8.0000000e+002  2.0406577e-004
  8.0270270e+002  2.0078797e-004
  8.0540541e+002  1.9378230e-004
  8.0810811e+002  1.8858859e-004
  8.1081081e+002  1.8479056e-004
  8.1351351e+002  1.8471836e-004
  8.1621622e+002  1.8638437e-004
  8.1891892e+002  1.9112327e-004
  8.2162162e+002  1.8623206e-004
  8.2432432e+002  1.8048825e-004
  8.2702703e+002  1.7887664e-004
  8.2972973e+002  1.8213588e-004
  8.3243243e+002  1.8701338e-004
  8.3513514e+002  1.9247707e-004
  8.3783784e+002  1.9630143e-004
  8.4054054e+002  1.8644874e-004
  8.4324324e+002  1.7649165e-004
  8.4594595e+002  1.6735258e-004
  8.4864865e+002  1.6353951e-004
  8.5135135e+002  1.6653388e-004
  8.5405405e+002  1.7447663e-004
  8.5675676e+002  1.7970019e-004
  8.5945946e+002  1.7953045e-004
  8.6216216e+002  1.7787013e-004
  8.6486486e+002  1.7207497e-004
  8.6756757e+002  1.7284875e-004
  8.7027027e+002  1.7370977e-004
  8.7297297e+002  1.7134526e-004
  8.7567568e+002  1.6669718e-004
  8.7837838e+002  1.6389777e-004
  8.8108108e+002  1.6196717e-004
  8.8378378e+002  1.6137977e-004
  8.8648649e+002  1.6391765e-004
  8.8918919e+002  1.6263888e-004
  8.9189189e+002  1.6191950e-004
  8.9459459e+002  1.6004146e-004
  8.9729730e+002  1.5797107e-004
  9.0000000e+002  1.5249793e-004
  9.0270270e+002  1.4900811e-004
  9.0540541e+002  1.5285326e-004
  9.0810811e+002  1.5789792e-004
  9.1081081e+002  1.6081131e-004
  9.1351351e+002  1.6003455e-004
  9.1621622e+002  1.5248343e-004
  9.1891892e+002  1.4602414e-004
  9.2162162e+002  1.4429223e-004
  9.2432432e+002  1.4716264e-004
  9.2702703e+002  1.4831738e-004
  9.2972973e+002  1.4866491e-004
  9.3243243e+002  1.4594510e-004
  9.3513514e+002  1.4159363e-004
  9.3783784e+002  1.4383692e-004
  9.4054054e+002  1.4539664e-004
  9.4324324e+002  1.4779325e-004
  9.4594595e+002  1.4392774e-004
  9.4864865e+002  1.3729158e-004
  9.5135135e+002  1.3254301e-004
  9.5405405e+002  1.2955560e-004
  9.5675676e+002  1.2860880e-004
  9.5945946e+002  1.2947393e-004
  9.6216216e+002  1.3537855e-004
  9.6486486e+002  1.3974541e-004
  9.6756757e+002  1.3934278e-004
  9.7027027e+002  1.3863155e-004
  9.7297297e+002  1.3686536e-004
  9.7567568e+002  1.3460573e-004
  9.7837838e+002  1.3430328e-004
  9.8108108e+002  1.3440045e-004
  9.8378378e+002  1.2794167e-004
  9.8648649e+002  1.2272618e-004
  9.8918919e+002  1.2698224e-004
  9.9189189e+002  1.3021839e-004
  9.9459459e+002  1.3071083e-004
  9.9729730e+002  1.2841274e-004
  1.0000000e+003  1.2505846e-004
  1.0076923e+003  1.2307131e-004
  1.0153846e+003  1.2799433e-004
  1.0230769e+003  1.2862358e-004
  1.0307692e+003  1.2667492e-004
  1.0384615e+003  1.2521097e-004
  1.0461538e+003  1.2216022e-004
  1.0538462e+003  1.1983365e-004
  1.0615385e+003  1.2255147e-004
  1.0692308e+003  1.2447583e-004
  1.0769231e+003  1.2464568e-004
  1.0846154e+003  1.2695843e-004
  1.0923077e+003  1.2777751e-004
  1.1000000e+003  1.2626404e-004
  1.1076923e+003  1.2150062e-004
  1.1153846e+003  1.2140340e-004
  1.1230769e+003  1.2267129e-004
  1.1307692e+003  1.2500597e-004
  1.1384615e+003  1.2536862e-004
  1.1461538e+003  1.2254100e-004
  1.1538462e+003  1.1657009e-004
  1.1615385e+003  1.1188645e-004
  1.1692308e+003  1.1495862e-004
  1.1769231e+003  1.1527390e-004
  1.1846154e+003  1.1324271e-004
  1.1923077e+003  1.0739889e-004
  1.2000000e+003  1.0217374e-004
  1.2076923e+003  1.0214311e-004
  1.2153846e+003  1.0455908e-004
  1.2230769e+003  1.0875693e-004
  1.2307692e+003  1.1158341e-004
  1.2384615e+003  1.1550565e-004
  1.2461538e+003  1.1753074e-004
  1.2538462e+003  1.1751439e-004
  1.2615385e+003  1.1754080e-004
  1.2692308e+003  1.1513682e-004
  1.2769231e+003  1.1299965e-004
  1.2846154e+003  1.0884585e-004
  1.2923077e+003  1.0180547e-004
  1.3000000e+003  1.0074638e-004
  1.3076923e+003  1.0649547e-004
  1.3153846e+003  1.1323681e-004
  1.3230769e+003  1.1236451e-004
  1.3307692e+003  1.0947191e-004
  1.3384615e+003  1.0740943e-004
  1.3461538e+003  1.0849015e-004
  1.3538462e+003  1.1097917e-004
  1.3615385e+003  1.1062617e-004
  1.3692308e+003  1.0923558e-004
  1.3769231e+003  1.0383478e-004
  1.3846154e+003  9.9889582e-005
  1.3923077e+003  9.6845826e-005
  1.4000000e+003  9.4085731e-005
  1.4076923e+003  9.0805531e-005
  1.4153846e+003  8.9104136e-005
  1.4230769e+003  9.4767682e-005
  1.4307692e+003  9.5967271e-005
  1.4384615e+003  9.8385115e-005
  1.4461538e+003  1.0676485e-004
  1.4538462e+003  1.1163610e-004
  1.4615385e+003  1.0869774e-004
  1.4692308e+003  1.0450663e-004
  1.4769231e+003  9.9988316e-005
  1.4846154e+003  9.5026425e-005
  1.4923077e+003  9.8469553e-005
  1.5000000e+003  1.0235572e-004
  1.5076923e+003  9.9168699e-005
  1.5153846e+003  9.5556089e-005
  1.5230769e+003  9.4960090e-005
  1.5307692e+003  9.3490338e-005
  1.5384615e+003  9.5312140e-005
  1.5461538e+003  9.7600536e-005
  1.5538462e+003  9.6089884e-005
  1.5615385e+003  9.5416909e-005
  1.5692308e+003  9.3927452e-005
  1.5769231e+003  9.1332189e-005
  1.5846154e+003  9.2088737e-005
  1.5923077e+003  9.7021343e-005
  1.6000000e+003  1.0044503e-004
  1.6076923e+003  9.8879243e-005
  1.6153846e+003  9.5093734e-005
  1.6230769e+003  9.1428566e-005
  1.6307692e+003  9.2584768e-005
  1.6384615e+003  9.6452985e-005
  1.6461538e+003  1.0112737e-004
  1.6538462e+003  1.0471320e-004
  1.6615385e+003  1.0219870e-004
  1.6692308e+003  9.7513611e-005
  1.6769231e+003  9.3449027e-005
  1.6846154e+003  9.1345836e-005
  1.6923077e+003  8.8820693e-005
  1.7000000e+003  8.7321114e-005
  1.7076923e+003  8.5457331e-005
  1.7153846e+003  8.5521287e-005
  1.7230769e+003  8.9536103e-005
  1.7307692e+003  8.9702233e-005
  1.7384615e+003  8.6883588e-005
  1.7461538e+003  8.2065138e-005
  1.7538462e+003  7.9389870e-005
  1.7615385e+003  8.2681987e-005
  1.7692308e+003  8.6924142e-005
  1.7769231e+003  9.0132621e-005
  1.7846154e+003  8.7868340e-005
  1.7923077e+003  8.6284345e-005
  1.8000000e+003  8.4578494e-005
  1.8076923e+003  8.3682593e-005
  1.8153846e+003  8.2767766e-005
  1.8230769e+003  7.9964348e-005
  1.8307692e+003  7.9422486e-005
  1.8384615e+003  8.1003713e-005
  1.8461538e+003  8.0960326e-005
  1.8538462e+003  8.0272578e-005
  1.8615385e+003  7.9802912e-005
  1.8692308e+003  7.9800274e-005
  1.8769231e+003  7.7325849e-005
  1.8846154e+003  7.4209681e-005
  1.8923077e+003  7.2351240e-005
  1.9000000e+003  6.9882482e-005
  1.9076923e+003  6.9916634e-005
  1.9153846e+003  7.1867580e-005
  1.9230769e+003  7.6453047e-005
  1.9307692e+003  7.7065592e-005
  1.9384615e+003  7.7400230e-005
  1.9461538e+003  7.8008254e-005
  1.9538462e+003  7.8068382e-005
  1.9615385e+003  7.7940167e-005
  1.9692308e+003  7.7505280e-005
  1.9769231e+003  7.5506383e-005
  1.9846154e+003  7.1486246e-005
  1.9923077e+003  7.2695071e-005
  2.0000000e+003  7.4969322e-005
  2.0358120e+003  7.4710600e-005
  2.0716239e+003  7.5690918e-005
  2.1074359e+003  7.7053350e-005
  2.1432479e+003  8.0088021e-005
  2.1790598e+003  8.4327948e-005
  2.2148718e+003  8.5003454e-005
  2.2506838e+003  7.8296110e-005
  2.2864957e+003  7.3435592e-005
  2.3223077e+003  7.2878438e-005
  2.3581197e+003  7.3101062e-005
  2.3939316e+003  7.4486117e-005
  2.4297436e+003  7.5010806e-005
  2.4655556e+003  6.8754289e-005
  2.5013675e+003  5.8906618e-005
  2.5371795e+003  5.3537373e-005
  2.5729915e+003  5.2699761e-005
  2.6088034e+003  5.4764690e-005
  2.6446154e+003  5.8549594e-005
  2.6804274e+003  6.1571785e-005
  2.7162393e+003  6.0603666e-005
  2.7520513e+003  5.7080988e-005
  2.7878632e+003  5.6763220e-005
  2.8236752e+003  5.8997674e-005
  2.8594872e+003  6.3845323e-005
  2.8952991e+003  6.5036867e-005
  2.9311111e+003  6.3514470e-005
  2.9669231e+003  6.2189110e-005
  3.0027350e+003  6.1763307e-005
  3.0385470e+003  6.0673872e-005
  3.0743590e+003  5.9688039e-005
  3.1101709e+003  6.2108825e-005
  3.1459829e+003  5.9716762e-005
  3.1817949e+003  5.8626657e-005
  3.2176068e+003  5.9797610e-005
  3.2534188e+003  6.2858906e-005
  3.2892308e+003  6.3455986e-005
  3.3250427e+003  6.1586925e-005
  3.3608547e+003  5.9373429e-005
  3.3966667e+003  5.9741440e-005
  3.4324786e+003  5.9676295e-005
  3.4682906e+003  5.9500800e-005
  3.5041026e+003  5.7594149e-005
  3.5399145e+003  5.2750782e-005
  3.5757265e+003  4.9906400e-005
  3.6115385e+003  4.8246813e-005
  3.6473504e+003  4.9328245e-005
  3.6831624e+003  4.9587183e-005
  3.7189744e+003  5.1204010e-005
  3.7547863e+003  5.6738087e-005
  3.7905983e+003  6.0011149e-005
  3.8264103e+003  6.1644285e-005
  3.8622222e+003  5.9708175e-005
  3.8980342e+003  5.9672077e-005
  3.9338462e+003  5.8925024e-005
  3.9696581e+003  5.8373775e-005
  4.0054701e+003  6.0841192e-005
  4.0412821e+003  5.9075365e-005
  4.0770940e+003  5.7072682e-005
  4.1129060e+003  5.7495630e-005
  4.1487179e+003  5.7177624e-005
  4.1845299e+003  5.2437362e-005
  4.2203419e+003  5.0393888e-005
  4.2561538e+003  5.3312327e-005
  4.2919658e+003  5.7161533e-005
  4.3277778e+003  6.2330756e-005
  4.3635897e+003  6.3529480e-005
  4.3994017e+003  5.8412923e-005
  4.4352137e+003  5.1662689e-005
  4.4710256e+003  4.7324762e-005
  4.5068376e+003  4.5550478e-005
  4.5426496e+003  4.5099932e-005
  4.5784615e+003  4.6989648e-005
  4.6142735e+003  5.0268745e-005
  4.6500855e+003  5.1023065e-005
  4.6858974e+003  5.0385993e-005
  4.7217094e+003  4.8190946e-005
  4.7575214e+003  4.6819517e-005
  4.7933333e+003  4.6616186e-005
  4.8291453e+003  5.0428645e-005
  4.8649573e+003  5.6119140e-005
  4.9007692e+003  5.8117886e-005
  4.9365812e+003  5.7803644e-005
  4.9723932e+003  5.5042942e-005
  5.0082051e+003  5.2076748e-005
  5.0440171e+003  5.0463337e-005
  5.0798291e+003  5.2485961e-005
  5.1156410e+003  5.4280165e-005
  5.1514530e+003  5.1285831e-005
  5.1872650e+003  4.7722383e-005
  5.2230769e+003  4.9364819e-005
  5.2588889e+003  5.3463533e-005
  5.2947009e+003  5.8167719e-005
  5.3305128e+003  5.8926386e-005
  5.3663248e+003  5.8345960e-005
  5.4021368e+003  5.5914079e-005
  5.4379487e+003  5.6125780e-005
  5.4737607e+003  6.2453196e-005
  5.5095726e+003  6.4550698e-005
  5.5453846e+003  6.3311550e-005
  5.5811966e+003  6.0836693e-005
  5.6170085e+003  5.7045625e-005
  5.6528205e+003  5.5394278e-005
  5.6886325e+003  5.6307028e-005
  5.7244444e+003  6.0084168e-005
  5.7602564e+003  5.9360603e-005
  5.7960684e+003  5.7463058e-005
  5.8318803e+003  5.7963825e-005
  5.8676923e+003  5.7095544e-005
  5.9035043e+003  5.7623174e-005
  5.9393162e+003  5.5236303e-005
  5.9751282e+003  5.0067252e-005
  6.0109402e+003  4.8559585e-005
  6.0467521e+003  5.7098701e-005
  6.0825641e+003  6.5950352e-005
  6.1183761e+003  7.0803278e-005
  6.1541880e+003  6.8225793e-005
  6.1900000e+003  5.8603341e-005
  6.2258120e+003  4.8217809e-005
  6.2616239e+003  4.3879471e-005
  6.2974359e+003  4.6080185e-005
  6.3332479e+003  4.6576909e-005
  6.3690598e+003  5.0459379e-005
  6.4048718e+003  5.2915268e-005
  6.4406838e+003  5.2822308e-005
  6.4764957e+003  5.2146219e-005
  6.5123077e+003  5.2272422e-005
  6.5481197e+003  5.2113992e-005
  6.5839316e+003  4.8830808e-005
  6.6197436e+003  4.4713385e-005
  6.6555556e+003  4.5226503e-005
  6.6913675e+003  4.6961812e-005
  6.7271795e+003  4.7496234e-005
  6.7629915e+003  4.8832019e-005
  6.7988034e+003  4.9801306e-005
  6.8346154e+003  4.6754155e-005
  6.8704274e+003  4.3350218e-005
  6.9062393e+003  4.6248867e-005
  6.9420513e+003  4.9910856e-005
  6.9778632e+003  4.9789367e-005
  7.0136752e+003  5.0565663e-005
  7.0494872e+003  5.0560688e-005
  7.0852991e+003  4.6203750e-005
  7.1211111e+003  4.0352684e-005
  7.1569231e+003  3.8415277e-005
  7.1927350e+003  3.7940268e-005
  7.2285470e+003  3.7608204e-005
  7.2643590e+003  4.2834548e-005
  7.3001709e+003  4.5979829e-005
  7.3359829e+003  4.7023670e-005
  7.3717949e+003  5.1711353e-005
  7.4076068e+003  6.2680664e-005
  7.4434188e+003  7.0723187e-005
  7.4792308e+003  7.2868424e-005
  7.5150427e+003  6.4930129e-005
  7.5508547e+003  4.7700690e-005
  7.5866667e+003  3.7441166e-005
  7.6224786e+003  3.9907609e-005
  7.6582906e+003  4.9198927e-005
  7.6941026e+003  5.7810003e-005
  7.7299145e+003  6.4892863e-005
  7.7657265e+003  6.6045151e-005
  7.8015385e+003  6.2352731e-005
  7.8373504e+003  5.9795750e-005
  7.8731624e+003  6.0808597e-005
  7.9089744e+003  6.1925500e-005
  7.9447863e+003  6.1202671e-005
  7.9805983e+003  5.9614329e-005
  8.0164103e+003  6.0510901e-005
  8.0522222e+003  5.9305342e-005
  8.0880342e+003  5.7229728e-005
  8.1238462e+003  6.2067427e-005
  8.1596581e+003  6.5342977e-005
  8.1954701e+003  5.9351432e-005
  8.2312821e+003  5.0336139e-005
  8.2670940e+003  4.9200960e-005
  8.3029060e+003  5.5497057e-005
  8.3387179e+003  6.8915920e-005
  8.3745299e+003  7.7766533e-005
  8.4103419e+003  7.7693471e-005
  8.4461538e+003  7.0935148e-005
  8.4819658e+003  6.1484276e-005
  8.5177778e+003  5.7241775e-005
  8.5535897e+003  5.4806044e-005
  8.5894017e+003  5.5561878e-005
  8.6252137e+003  6.0681032e-005
  8.6610256e+003  6.7829448e-005
  8.6968376e+003  7.0813054e-005
  8.7326496e+003  6.7320094e-005
  8.7684615e+003  5.5448782e-005
  8.8042735e+003  4.3614607e-005
  8.8400855e+003  4.5445450e-005
  8.8758974e+003  5.6704606e-005
  8.9117094e+003  6.4935645e-005
  8.9475214e+003  6.7756322e-005
  8.9833333e+003  6.0549443e-005
