  4.5416667e+001  1.6772336e-005
  4.5833333e+001  1.6386802e-005
  4.6250000e+001  1.6218578e-005
  4.6666667e+001  1.5907505e-005
  4.7083333e+001  1.5530359e-005
  4.7500000e+001  1.5556945e-005
  4.7916667e+001  1.5758963e-005
  4.8333333e+001  1.5849658e-005
  4.8750000e+001  1.5770831e-005
  4.9166667e+001  1.5869812e-005
  4.9583333e+001  1.6235516e-005
  5.0000000e+001  1.6190980e-005
  5.0416667e+001  1.6117193e-005
  5.0833333e+001  1.5910527e-005
  5.1250000e+001  1.5781555e-005
  5.1666667e+001  1.5971738e-005
  5.2083333e+001  1.6087283e-005
  5.2500000e+001  1.6565949e-005
  5.2916667e+001  1.6691745e-005
  5.3333333e+001  1.6570231e-005
  5.3750000e+001  1.6844789e-005
  5.4166667e+001  1.7205508e-005
  5.4583333e+001  1.7564830e-005
  5.5000000e+001  1.7804211e-005
  5.5416667e+001  1.7535226e-005
  5.5833333e+001  1.7446807e-005
  5.6250000e+001  1.7243382e-005
  5.6666667e+001  1.7393472e-005
  5.7083333e+001  1.7731118e-005
  5.7500000e+001  1.8034169e-005
  5.7916667e+001  1.8236896e-005
  5.8333333e+001  1.8250543e-005
  5.8750000e+001  1.8166167e-005
  5.9166667e+001  1.8178712e-005
  5.9583333e+001  1.8155706e-005
  6.0000000e+001  1.8266526e-005
  6.0416667e+001  1.8653946e-005
  6.0833333e+001  1.9049275e-005
  6.1250000e+001  1.9440340e-005
  6.1666667e+001  1.9773830e-005
  6.2083333e+001  1.9946335e-005
  6.2500000e+001  1.9946074e-005
  6.2916667e+001  2.0088360e-005
  6.3333333e+001  2.0525692e-005
  6.3750000e+001  2.0907943e-005
  6.4166667e+001  2.1198031e-005
  6.4583333e+001  2.1456935e-005
  6.5000000e+001  2.1678204e-005
  6.5416667e+001  2.1799241e-005
  6.5833333e+001  2.1982822e-005
  6.6250000e+001  2.2237061e-005
  6.6666667e+001  2.2439938e-005
  6.7083333e+001  2.2649826e-005
  6.7500000e+001  2.3108230e-005
  6.7916667e+001  2.3430247e-005
  6.8333333e+001  2.3665292e-005
  6.8750000e+001  2.3854164e-005
  6.9166667e+001  2.4209589e-005
  6.9583333e+001  2.4593587e-005
  7.0000000e+001  2.4993903e-005
  7.0416667e+001  2.5454748e-005
  7.0833333e+001  2.5962678e-005
  7.1250000e+001  2.6085627e-005
  7.1666667e+001  2.5915020e-005
  7.2083333e+001  2.5871981e-005
  7.2500000e+001  2.6056773e-005
  7.2916667e+001  2.6000177e-005
  7.3333333e+001  2.6540814e-005
  7.3750000e+001  2.6825471e-005
  7.4166667e+001  2.7508354e-005
  7.4583333e+001  2.8091876e-005
  7.5000000e+001  2.8743174e-005
  7.5416667e+001  2.9130344e-005
  7.5833333e+001  2.9255384e-005
  7.6250000e+001  2.9591044e-005
  7.6666667e+001  3.0101650e-005
  7.7083333e+001  3.0691353e-005
  7.7500000e+001  3.1248429e-005
  7.7916667e+001  3.1574031e-005
  7.8333333e+001  3.1938461e-005
  7.8750000e+001  3.2105398e-005
  7.9166667e+001  3.2457232e-005
  7.9583333e+001  3.2968937e-005
  8.0000000e+001  3.3479753e-005
  8.0416667e+001  3.3920865e-005
  8.0833333e+001  3.4489867e-005
  8.1250000e+001  3.5326055e-005
  8.1666667e+001  3.5966726e-005
  8.2083333e+001  3.6260996e-005
  8.2500000e+001  3.6493573e-005
  8.2916667e+001  3.6753795e-005
  8.3333333e+001  3.6911872e-005
  8.3750000e+001  3.7266659e-005
  8.4166667e+001  3.7950846e-005
  8.4583333e+001  3.8790116e-005
  8.5000000e+001  3.9564723e-005
  8.5416667e+001  4.0047662e-005
  8.5833333e+001  4.0644840e-005
  8.6250000e+001  4.1064084e-005
  8.6666667e+001  4.1446975e-005
  8.7083333e+001  4.1818440e-005
  8.7500000e+001  4.2608458e-005
  8.7916667e+001  4.3214713e-005
  8.8333333e+001  4.3459338e-005
  8.8750000e+001  4.3382580e-005
  8.9166667e+001  4.3903369e-005
  8.9583333e+001  4.4178565e-005
  9.0000000e+001  4.5085931e-005
  9.0416667e+001  4.5879934e-005
  9.0833333e+001  4.6619409e-005
  9.1250000e+001  4.6863712e-005
  9.1666667e+001  4.7311198e-005
  9.2083333e+001  4.8067813e-005
  9.2500000e+001  4.9057650e-005
  9.2916667e+001  4.9798554e-005
  9.3333333e+001  5.0770169e-005
  9.3750000e+001  5.1155042e-005
  9.4166667e+001  5.1653231e-005
  9.4583333e+001  5.1862450e-005
  9.5000000e+001  5.2168975e-005
  9.5416667e+001  5.2612223e-005
  9.5833333e+001  5.3344741e-005
  9.6250000e+001  5.4369893e-005
  9.6666667e+001  5.5249592e-005
  9.7083333e+001  5.5775633e-005
  9.7500000e+001  5.6178498e-005
  9.7916667e+001  5.6524070e-005
  9.8333333e+001  5.7121824e-005
  9.8750000e+001  5.7974524e-005
  9.9166667e+001  5.8691700e-005
  9.9583333e+001  5.9308552e-005
  1.0000000e+002  6.0048050e-005
  1.0000000e+002  6.0048050e-005
  1.0053763e+002  6.0778103e-005
  1.0107527e+002  6.1712123e-005
  1.0161290e+002  6.2925484e-005
  1.0215054e+002  6.4195216e-005
  1.0268817e+002  6.5031607e-005
  1.0322581e+002  6.5712362e-005
  1.0376344e+002  6.6406616e-005
  1.0430108e+002  6.6791350e-005
  1.0483871e+002  6.7318152e-005
  1.0537634e+002  6.8185964e-005
  1.0591398e+002  6.9153018e-005
  1.0645161e+002  7.0279624e-005
  1.0698925e+002  7.1077428e-005
  1.0752688e+002  7.1411666e-005
  1.0806452e+002  7.1769010e-005
  1.0860215e+002  7.2629220e-005
  1.0913978e+002  7.3173644e-005
  1.0967742e+002  7.3793698e-005
  1.1021505e+002  7.4771901e-005
  1.1075269e+002  7.5767106e-005
  1.1129032e+002  7.6379719e-005
  1.1182796e+002  7.7038336e-005
  1.1236559e+002  7.8960211e-005
  1.1290323e+002  7.9849194e-005
  1.1344086e+002  7.9940811e-005
  1.1397849e+002  8.0179816e-005
  1.1451613e+002  8.0800744e-005
  1.1505376e+002  8.1686387e-005
  1.1559140e+002  8.3006777e-005
  1.1612903e+002  8.4499826e-005
  1.1666667e+002  8.6285324e-005
  1.1720430e+002  8.6905585e-005
  1.1774194e+002  8.7504929e-005
  1.1827957e+002  8.7614399e-005
  1.1881720e+002  8.8259078e-005
  1.1935484e+002  8.9390153e-005
  1.1989247e+002  9.0786886e-005
  1.2043011e+002  9.2265007e-005
  1.2096774e+002  9.3394239e-005
  1.2150538e+002  9.4156290e-005
  1.2204301e+002  9.4305614e-005
  1.2258065e+002  9.4245511e-005
  1.2311828e+002  9.5006940e-005
  1.2365591e+002  9.5870652e-005
  1.2419355e+002  9.6956690e-005
  1.2473118e+002  9.8123149e-005
  1.2526882e+002  9.9250169e-005
  1.2580645e+002  1.0037300e-004
  1.2634409e+002  1.0153485e-004
  1.2688172e+002  1.0295886e-004
  1.2741935e+002  1.0374542e-004
  1.2795699e+002  1.0448206e-004
  1.2849462e+002  1.0528788e-004
  1.2903226e+002  1.0604392e-004
  1.2956989e+002  1.0681408e-004
  1.3010753e+002  1.0821570e-004
  1.3064516e+002  1.0979370e-004
  1.3118280e+002  1.1084256e-004
  1.3172043e+002  1.1176154e-004
  1.3225806e+002  1.1340168e-004
  1.3279570e+002  1.1455272e-004
  1.3333333e+002  1.1552222e-004
  1.3387097e+002  1.1648130e-004
  1.3440860e+002  1.1683533e-004
  1.3494624e+002  1.1690709e-004
  1.3548387e+002  1.1733062e-004
  1.3602151e+002  1.1789923e-004
  1.3655914e+002  1.1938290e-004
  1.3709677e+002  1.2078263e-004
  1.3763441e+002  1.2222967e-004
  1.3817204e+002  1.2386857e-004
  1.3870968e+002  1.2431781e-004
  1.3924731e+002  1.2497513e-004
  1.3978495e+002  1.2561350e-004
  1.4032258e+002  1.2683377e-004
  1.4086022e+002  1.2851485e-004
  1.4139785e+002  1.2967621e-004
  1.4193548e+002  1.3137215e-004
  1.4247312e+002  1.3253107e-004
  1.4301075e+002  1.3286024e-004
  1.4354839e+002  1.3412270e-004
  1.4408602e+002  1.3530641e-004
  1.4462366e+002  1.3645725e-004
  1.4516129e+002  1.3744176e-004
  1.4569892e+002  1.3888261e-004
  1.4623656e+002  1.4020420e-004
  1.4677419e+002  1.4064784e-004
  1.4731183e+002  1.4137888e-004
  1.4784946e+002  1.4243454e-004
  1.4838710e+002  1.4328447e-004
  1.4892473e+002  1.4449788e-004
  1.4946237e+002  1.4591951e-004
  1.5000000e+002  1.4742908e-004
  1.5000000e+002  1.4742908e-004
  1.5053763e+002  1.4868734e-004
  1.5107527e+002  1.4963516e-004
  1.5161290e+002  1.5039212e-004
  1.5215054e+002  1.5125551e-004
  1.5268817e+002  1.5235544e-004
  1.5322581e+002  1.5358799e-004
  1.5376344e+002  1.5508154e-004
  1.5430108e+002  1.5647991e-004
  1.5483871e+002  1.5748915e-004
  1.5537634e+002  1.5774727e-004
  1.5591398e+002  1.5818128e-004
  1.5645161e+002  1.5907255e-004
  1.5698925e+002  1.6065846e-004
  1.5752688e+002  1.6217369e-004
  1.5806452e+002  1.6383744e-004
  1.5860215e+002  1.6609574e-004
  1.5913978e+002  1.6758916e-004
  1.5967742e+002  1.6838192e-004
  1.6021505e+002  1.6974792e-004
  1.6075269e+002  1.7083066e-004
  1.6129032e+002  1.7198445e-004
  1.6182796e+002  1.7337259e-004
  1.6236559e+002  1.7507523e-004
  1.6290323e+002  1.7644787e-004
  1.6344086e+002  1.7620939e-004
  1.6397849e+002  1.7617617e-004
  1.6451613e+002  1.7688100e-004
  1.6505376e+002  1.7790855e-004
  1.6559140e+002  1.7972803e-004
  1.6612903e+002  1.8174935e-004
  1.6666667e+002  1.8313998e-004
  1.6720430e+002  1.8449485e-004
  1.6774194e+002  1.8565687e-004
  1.6827957e+002  1.8728304e-004
  1.6881720e+002  1.8884046e-004
  1.6935484e+002  1.9035339e-004
  1.6989247e+002  1.9112157e-004
  1.7043011e+002  1.9148603e-004
  1.7096774e+002  1.9192552e-004
  1.7150538e+002  1.9234617e-004
  1.7204301e+002  1.9306781e-004
  1.7258065e+002  1.9439205e-004
  1.7311828e+002  1.9564006e-004
  1.7365591e+002  1.9672315e-004
  1.7419355e+002  1.9758520e-004
  1.7473118e+002  1.9891960e-004
  1.7526882e+002  2.0053414e-004
  1.7580645e+002  2.0191357e-004
  1.7634409e+002  2.0397118e-004
  1.7688172e+002  2.0636455e-004
  1.7741935e+002  2.0926610e-004
  1.7795699e+002  2.1091612e-004
  1.7849462e+002  2.1146089e-004
  1.7903226e+002  2.1102808e-004
  1.7956989e+002  2.1126976e-004
  1.8010753e+002  2.1225453e-004
  1.8064516e+002  2.1451923e-004
  1.8118280e+002  2.1623175e-004
  1.8172043e+002  2.1598648e-004
  1.8225806e+002  2.1510095e-004
  1.8279570e+002  2.1600707e-004
  1.8333333e+002  2.1771441e-004
  1.8387097e+002  2.1962728e-004
  1.8440860e+002  2.2146463e-004
  1.8494624e+002  2.2265968e-004
  1.8548387e+002  2.2319510e-004
  1.8602151e+002  2.2385717e-004
  1.8655914e+002  2.2642105e-004
  1.8709677e+002  2.2954049e-004
  1.8763441e+002  2.3160362e-004
  1.8817204e+002  2.3291219e-004
  1.8870968e+002  2.3423261e-004
  1.8924731e+002  2.3393359e-004
  1.8978495e+002  2.3435417e-004
  1.9032258e+002  2.3523426e-004
  1.9086022e+002  2.3587095e-004
  1.9139785e+002  2.3656292e-004
  1.9193548e+002  2.3748533e-004
  1.9247312e+002  2.3873640e-004
  1.9301075e+002  2.4027490e-004
  1.9354839e+002  2.4177631e-004
  1.9408602e+002  2.4307581e-004
  1.9462366e+002  2.4428823e-004
  1.9516129e+002  2.4592060e-004
  1.9569892e+002  2.4735855e-004
  1.9623656e+002  2.4837930e-004
  1.9677419e+002  2.4931919e-004
  1.9731183e+002  2.5017247e-004
  1.9784946e+002  2.5048070e-004
  1.9838710e+002  2.5064933e-004
  1.9892473e+002  2.5180277e-004
  1.9946237e+002  2.5354595e-004
  2.0000000e+002  2.5525342e-004
  2.0000000e+002  2.5525342e-004
  2.0054945e+002  2.5694708e-004
  2.0109890e+002  2.5905009e-004
  2.0164835e+002  2.6110265e-004
  2.0219780e+002  2.6325888e-004
  2.0274725e+002  2.6507992e-004
  2.0329670e+002  2.6645383e-004
  2.0384615e+002  2.6704149e-004
  2.0439560e+002  2.6782704e-004
  2.0494505e+002  2.6960385e-004
  2.0549451e+002  2.7114224e-004
  2.0604396e+002  2.7123277e-004
  2.0659341e+002  2.7157809e-004
  2.0714286e+002  2.7178358e-004
  2.0769231e+002  2.7152142e-004
  2.0824176e+002  2.7369469e-004
  2.0879121e+002  2.7504510e-004
  2.0934066e+002  2.7606516e-004
  2.0989011e+002  2.7638122e-004
  2.1043956e+002  2.7842480e-004
  2.1098901e+002  2.7998231e-004
  2.1153846e+002  2.8184873e-004
  2.1208791e+002  2.8355091e-004
  2.1263736e+002  2.8667007e-004
  2.1318681e+002  2.8633811e-004
  2.1373626e+002  2.8630171e-004
  2.1428571e+002  2.8655557e-004
  2.1483516e+002  2.8682349e-004
  2.1538462e+002  2.8720383e-004
  2.1593407e+002  2.9061370e-004
  2.1648352e+002  2.9275312e-004
  2.1703297e+002  2.9464511e-004
  2.1758242e+002  2.9592157e-004
  2.1813187e+002  2.9766706e-004
  2.1868132e+002  2.9917526e-004
  2.1923077e+002  3.0009627e-004
  2.1978022e+002  3.0073300e-004
  2.2032967e+002  3.0101358e-004
  2.2087912e+002  3.0056091e-004
  2.2142857e+002  3.0097212e-004
  2.2197802e+002  3.0199840e-004
  2.2252747e+002  3.0311867e-004
  2.2307692e+002  3.0441747e-004
  2.2362637e+002  3.0649192e-004
  2.2417582e+002  3.0884281e-004
  2.2472527e+002  3.0920425e-004
  2.2527473e+002  3.0797179e-004
  2.2582418e+002  3.0744264e-004
  2.2637363e+002  3.0860392e-004
  2.2692308e+002  3.1043556e-004
  2.2747253e+002  3.1404010e-004
  2.2802198e+002  3.1622835e-004
  2.2857143e+002  3.1602631e-004
  2.2912088e+002  3.1493853e-004
  2.2967033e+002  3.1399495e-004
  2.3021978e+002  3.1515530e-004
  2.3076923e+002  3.1686922e-004
  2.3131868e+002  3.1884300e-004
  2.3186813e+002  3.2134593e-004
  2.3241758e+002  3.2191516e-004
  2.3296703e+002  3.2240354e-004
  2.3351648e+002  3.2375141e-004
  2.3406593e+002  3.2495231e-004
  2.3461538e+002  3.2691756e-004
  2.3516484e+002  3.2856054e-004
  2.3571429e+002  3.3100219e-004
  2.3626374e+002  3.3343577e-004
  2.3681319e+002  3.3383316e-004
  2.3736264e+002  3.3366061e-004
  2.3791209e+002  3.3420474e-004
  2.3846154e+002  3.3292690e-004
  2.3901099e+002  3.3369079e-004
  2.3956044e+002  3.3512528e-004
  2.4010989e+002  3.3719236e-004
  2.4065934e+002  3.3920391e-004
  2.4120879e+002  3.3910071e-004
  2.4175824e+002  3.3923317e-004
  2.4230769e+002  3.4042716e-004
  2.4285714e+002  3.4196554e-004
  2.4340659e+002  3.4351752e-004
  2.4395604e+002  3.4524480e-004
  2.4450549e+002  3.4700411e-004
  2.4505495e+002  3.4778828e-004
  2.4560440e+002  3.4816976e-004
  2.4615385e+002  3.4906612e-004
  2.4670330e+002  3.5027646e-004
  2.4725275e+002  3.5090237e-004
  2.4780220e+002  3.5158310e-004
  2.4835165e+002  3.5223780e-004
  2.4890110e+002  3.5265015e-004
  2.4945055e+002  3.5298626e-004
  2.5000000e+002  3.5352531e-004
  2.5054945e+002  3.5480131e-004
  2.5109890e+002  3.5610979e-004
  2.5164835e+002  3.5693588e-004
  2.5219780e+002  3.5851850e-004
  2.5274725e+002  3.6079936e-004
  2.5329670e+002  3.6211428e-004
  2.5384615e+002  3.6347644e-004
  2.5439560e+002  3.6594159e-004
  2.5494505e+002  3.6777323e-004
  2.5549451e+002  3.6833348e-004
  2.5604396e+002  3.6768546e-004
  2.5659341e+002  3.6630211e-004
  2.5714286e+002  3.6578655e-004
  2.5769231e+002  3.6612588e-004
  2.5824176e+002  3.6914160e-004
  2.5879121e+002  3.7309008e-004
  2.5934066e+002  3.7518296e-004
  2.5989011e+002  3.7604222e-004
  2.6043956e+002  3.7606249e-004
  2.6098901e+002  3.7693051e-004
  2.6153846e+002  3.7802383e-004
  2.6208791e+002  3.7776997e-004
  2.6263736e+002  3.7922450e-004
  2.6318681e+002  3.8039153e-004
  2.6373626e+002  3.8032565e-004
  2.6428571e+002  3.8199580e-004
  2.6483516e+002  3.8365191e-004
  2.6538462e+002  3.8333746e-004
  2.6593407e+002  3.8240908e-004
  2.6648352e+002  3.8171729e-004
  2.6703297e+002  3.8184791e-004
  2.6758242e+002  3.8316491e-004
  2.6813187e+002  3.8541628e-004
  2.6868132e+002  3.8876811e-004
  2.6923077e+002  3.9031018e-004
  2.6978022e+002  3.9077621e-004
  2.7032967e+002  3.9068775e-004
  2.7087912e+002  3.9061334e-004
  2.7142857e+002  3.9017472e-004
  2.7197802e+002  3.8938964e-004
  2.7252747e+002  3.8961194e-004
  2.7307692e+002  3.9064928e-004
  2.7362637e+002  3.9162534e-004
  2.7417582e+002  3.9321049e-004
  2.7472527e+002  3.9485162e-004
  2.7527473e+002  3.9437660e-004
  2.7582418e+002  3.9238946e-004
  2.7637363e+002  3.9151845e-004
  2.7692308e+002  3.9270115e-004
  2.7747253e+002  3.9541855e-004
  2.7802198e+002  3.9833683e-004
  2.7857143e+002  4.0054627e-004
  2.7912088e+002  4.0160480e-004
  2.7967033e+002  4.0078723e-004
  2.8021978e+002  4.0098765e-004
  2.8076923e+002  4.0165640e-004
  2.8131868e+002  4.0199504e-004
  2.8186813e+002  4.0192616e-004
  2.8241758e+002  4.0184553e-004
  2.8296703e+002  4.0285131e-004
  2.8351648e+002  4.0629759e-004
  2.8406593e+002  4.0921080e-004
  2.8461538e+002  4.1143775e-004
  2.8516484e+002  4.1168401e-004
  2.8571429e+002  4.1156744e-004
  2.8626374e+002  4.0910184e-004
  2.8681319e+002  4.0644756e-004
  2.8736264e+002  4.0664360e-004
  2.8791209e+002  4.0755331e-004
  2.8846154e+002  4.0651551e-004
  2.8901099e+002  4.0782054e-004
  2.8956044e+002  4.1059691e-004
  2.9010989e+002  4.1248799e-004
  2.9065934e+002  4.1514779e-004
  2.9120879e+002  4.1826096e-004
  2.9175824e+002  4.1997995e-004
  2.9230769e+002  4.1910226e-004
  2.9285714e+002  4.1674884e-004
  2.9340659e+002  4.1532011e-004
  2.9395604e+002  4.1584350e-004
  2.9450549e+002  4.1750767e-004
  2.9505495e+002  4.1894884e-004
  2.9560440e+002  4.1860052e-004
  2.9615385e+002  4.1817527e-004
  2.9670330e+002  4.1869889e-004
  2.9725275e+002  4.1979773e-004
  2.9780220e+002  4.2292380e-004
  2.9835165e+002  4.2550897e-004
  2.9890110e+002  4.2633852e-004
  2.9945055e+002  4.2773431e-004
  3.0000000e+002  4.2870254e-004
  3.0000000e+002  4.2870254e-004
  3.0062112e+002  4.2918723e-004
  3.0124224e+002  4.2903749e-004
  3.0186335e+002  4.2939271e-004
  3.0248447e+002  4.2992947e-004
  3.0310559e+002  4.3061734e-004
  3.0372671e+002  4.3269916e-004
  3.0434783e+002  4.3408458e-004
  3.0496894e+002  4.3449049e-004
  3.0559006e+002  4.3568079e-004
  3.0621118e+002  4.3592244e-004
  3.0683230e+002  4.3501803e-004
  3.0745342e+002  4.3468906e-004
  3.0807453e+002  4.3575174e-004
  3.0869565e+002  4.3614129e-004
  3.0931677e+002  4.3570682e-004
  3.0993789e+002  4.3406800e-004
  3.1055901e+002  4.3364573e-004
  3.1118012e+002  4.3344900e-004
  3.1180124e+002  4.3547116e-004
  3.1242236e+002  4.3973823e-004
  3.1304348e+002  4.4319602e-004
  3.1366460e+002  4.4494750e-004
  3.1428571e+002  4.4430823e-004
  3.1490683e+002  4.4459319e-004
  3.1552795e+002  4.4364455e-004
  3.1614907e+002  4.4203106e-004
  3.1677019e+002  4.4131693e-004
  3.1739130e+002  4.4266871e-004
  3.1801242e+002  4.4549968e-004
  3.1863354e+002  4.4761514e-004
  3.1925466e+002  4.4790217e-004
  3.1987578e+002  4.4703254e-004
  3.2049689e+002  4.4525250e-004
  3.2111801e+002  4.4454090e-004
  3.2173913e+002  4.4456854e-004
  3.2236025e+002  4.4492630e-004
  3.2298137e+002  4.4438103e-004
  3.2360248e+002  4.4358626e-004
  3.2422360e+002  4.4414122e-004
  3.2484472e+002  4.4620990e-004
  3.2546584e+002  4.4872642e-004
  3.2608696e+002  4.5082529e-004
  3.2670807e+002  4.5021551e-004
  3.2732919e+002  4.4819289e-004
  3.2795031e+002  4.4773009e-004
  3.2857143e+002  4.4873172e-004
  3.2919255e+002  4.5017013e-004
  3.2981366e+002  4.5072255e-004
  3.3043478e+002  4.5040671e-004
  3.3105590e+002  4.4937606e-004
  3.3167702e+002  4.4700374e-004
  3.3229814e+002  4.4738339e-004
  3.3291925e+002  4.4842027e-004
  3.3354037e+002  4.4908119e-004
  3.3416149e+002  4.5071126e-004
  3.3478261e+002  4.5018648e-004
  3.3540373e+002  4.4957210e-004
  3.3602484e+002  4.5070135e-004
  3.3664596e+002  4.5124363e-004
  3.3726708e+002  4.5244822e-004
  3.3788820e+002  4.5222615e-004
  3.3850932e+002  4.5284053e-004
  3.3913043e+002  4.5207756e-004
  3.3975155e+002  4.4936753e-004
  3.4037267e+002  4.5069075e-004
  3.4099379e+002  4.5287739e-004
  3.4161491e+002  4.5473460e-004
  3.4223602e+002  4.5457104e-004
  3.4285714e+002  4.5473552e-004
  3.4347826e+002  4.5423309e-004
  3.4409938e+002  4.5386036e-004
  3.4472050e+002  4.5502993e-004
  3.4534161e+002  4.5592675e-004
  3.4596273e+002  4.5733866e-004
  3.4658385e+002  4.5798484e-004
  3.4720497e+002  4.5864368e-004
  3.4782609e+002  4.5939836e-004
  3.4844720e+002  4.5975129e-004
  3.4906832e+002  4.5934630e-004
  3.4968944e+002  4.5834490e-004
  3.5031056e+002  4.5702721e-004
  3.5093168e+002  4.5683900e-004
  3.5155280e+002  4.5788209e-004
  3.5217391e+002  4.6000100e-004
  3.5279503e+002  4.6249080e-004
  3.5341615e+002  4.6370322e-004
  3.5403727e+002  4.6243989e-004
  3.5465839e+002  4.6145484e-004
  3.5527950e+002  4.6118716e-004
  3.5590062e+002  4.6176768e-004
  3.5652174e+002  4.6332588e-004
  3.5714286e+002  4.6477442e-004
  3.5776398e+002  4.6411419e-004
  3.5838509e+002  4.6140485e-004
  3.5900621e+002  4.6015005e-004
  3.5962733e+002  4.6065156e-004
  3.6024845e+002  4.6142674e-004
  3.6086957e+002  4.6325861e-004
  3.6149068e+002  4.6623125e-004
  3.6211180e+002  4.6773808e-004
  3.6273292e+002  4.6643467e-004
  3.6335404e+002  4.6453991e-004
  3.6397516e+002  4.6325861e-004
  3.6459627e+002  4.6237331e-004
  3.6521739e+002  4.6114062e-004
  3.6583851e+002  4.6271218e-004
  3.6645963e+002  4.6567008e-004
  3.6708075e+002  4.6767173e-004
  3.6770186e+002  4.6868880e-004
  3.6832298e+002  4.6693410e-004
  3.6894410e+002  4.6604120e-004
  3.6956522e+002  4.6553716e-004
  3.7018634e+002  4.6477787e-004
  3.7080745e+002  4.6776618e-004
  3.7142857e+002  4.6946467e-004
  3.7204969e+002  4.6998991e-004
  3.7267081e+002  4.6865862e-004
  3.7329193e+002  4.6724187e-004
  3.7391304e+002  4.6738447e-004
  3.7453416e+002  4.6868373e-004
  3.7515528e+002  4.7060729e-004
  3.7577640e+002  4.7135322e-004
  3.7639752e+002  4.6988141e-004
  3.7701863e+002  4.6761253e-004
  3.7763975e+002  4.6550860e-004
  3.7826087e+002  4.6500663e-004
  3.7888199e+002  4.6587373e-004
  3.7950311e+002  4.6658947e-004
  3.8012422e+002  4.6643075e-004
  3.8074534e+002  4.6571892e-004
  3.8136646e+002  4.6559222e-004
  3.8198758e+002  4.6691636e-004
  3.8260870e+002  4.6904771e-004
  3.8322981e+002  4.7025414e-004
  3.8385093e+002  4.7024469e-004
  3.8447205e+002  4.7003345e-004
  3.8509317e+002  4.6976323e-004
  3.8571429e+002  4.6924744e-004
  3.8633540e+002  4.6977475e-004
  3.8695652e+002  4.7088166e-004
  3.8757764e+002  4.7177778e-004
  3.8819876e+002  4.7230601e-004
  3.8881988e+002  4.7210029e-004
  3.8944099e+002  4.7215397e-004
  3.9006211e+002  4.7004174e-004
  3.9068323e+002  4.6789358e-004
  3.9130435e+002  4.6893207e-004
  3.9192547e+002  4.7057273e-004
  3.9254658e+002  4.7121799e-004
  3.9316770e+002  4.7171742e-004
  3.9378882e+002  4.7224266e-004
  3.9440994e+002  4.7224059e-004
  3.9503106e+002  4.7217493e-004
  3.9565217e+002  4.7241635e-004
  3.9627329e+002  4.7112538e-004
  3.9689441e+002  4.6886019e-004
  3.9751553e+002  4.6936009e-004
  3.9813665e+002  4.7255504e-004
  3.9875776e+002  4.7581080e-004
  3.9937888e+002  4.7620933e-004
  4.0000000e+002  4.7474697e-004
  4.0000000e+002  4.7474697e-004
  4.0088496e+002  4.7214752e-004
  4.0176991e+002  4.7165292e-004
  4.0265487e+002  4.7280130e-004
  4.0353982e+002  4.7580527e-004
  4.0442478e+002  4.7531044e-004
  4.0530973e+002  4.7319338e-004
  4.0619469e+002  4.7106341e-004
  4.0707965e+002  4.7102656e-004
  4.0796460e+002  4.7200400e-004
  4.0884956e+002  4.7069460e-004
  4.0973451e+002  4.6854666e-004
  4.1061947e+002  4.6663624e-004
  4.1150442e+002  4.6504694e-004
  4.1238938e+002  4.6677054e-004
  4.1327434e+002  4.7062756e-004
  4.1415929e+002  4.7360942e-004
  4.1504425e+002  4.7280521e-004
  4.1592920e+002  4.6894681e-004
  4.1681416e+002  4.6632801e-004
  4.1769912e+002  4.6635220e-004
  4.1858407e+002  4.6715986e-004
  4.1946903e+002  4.6955958e-004
  4.2035398e+002  4.7259074e-004
  4.2123894e+002  4.7416967e-004
  4.2212389e+002  4.7452789e-004
  4.2300885e+002  4.7261723e-004
  4.2389381e+002  4.7111340e-004
  4.2477876e+002  4.6925182e-004
  4.2566372e+002  4.6808455e-004
  4.2654867e+002  4.6942275e-004
  4.2743363e+002  4.7123688e-004
  4.2831858e+002  4.7282848e-004
  4.2920354e+002  4.7138385e-004
  4.3008850e+002  4.6951812e-004
  4.3097345e+002  4.6828935e-004
  4.3185841e+002  4.6672885e-004
  4.3274336e+002  4.6638606e-004
  4.3362832e+002  4.6670051e-004
  4.3451327e+002  4.6851971e-004
  4.3539823e+002  4.6918271e-004
  4.3628319e+002  4.6846235e-004
  4.3716814e+002  4.6743745e-004
  4.3805310e+002  4.6526925e-004
  4.3893805e+002  4.6377463e-004
  4.3982301e+002  4.6344866e-004
  4.4070796e+002  4.6554154e-004
  4.4159292e+002  4.6704514e-004
  4.4247788e+002  4.6803963e-004
  4.4336283e+002  4.6709997e-004
  4.4424779e+002  4.6440837e-004
  4.4513274e+002  4.6049168e-004
  4.4601770e+002  4.5678094e-004
  4.4690265e+002  4.5604308e-004
  4.4778761e+002  4.5679707e-004
  4.4867257e+002  4.5910764e-004
  4.4955752e+002  4.6159191e-004
  4.5044248e+002  4.6245118e-004
  4.5132743e+002  4.6239036e-004
  4.5221239e+002  4.6224431e-004
  4.5309735e+002  4.6223095e-004
  4.5398230e+002  4.6111528e-004
  4.5486726e+002  4.5963633e-004
  4.5575221e+002  4.5866142e-004
  4.5663717e+002  4.5752180e-004
  4.5752212e+002  4.5636030e-004
  4.5840708e+002  4.5686871e-004
  4.5929204e+002  4.5786528e-004
  4.6017699e+002  4.5773904e-004
  4.6106195e+002  4.5669410e-004
  4.6194690e+002  4.5501565e-004
  4.6283186e+002  4.5432386e-004
  4.6371681e+002  4.5435749e-004
  4.6460177e+002  4.5490669e-004
  4.6548673e+002  4.5552545e-004
  4.6637168e+002  4.5541833e-004
  4.6725664e+002  4.5511125e-004
  4.6814159e+002  4.5250742e-004
  4.6902655e+002  4.4900632e-004
  4.6991150e+002  4.4822031e-004
  4.7079646e+002  4.4654900e-004
  4.7168142e+002  4.4540961e-004
  4.7256637e+002  4.4422760e-004
  4.7345133e+002  4.4553585e-004
  4.7433628e+002  4.4703807e-004
  4.7522124e+002  4.4878494e-004
  4.7610619e+002  4.4991511e-004
  4.7699115e+002  4.5035603e-004
  4.7787611e+002  4.4879645e-004
  4.7876106e+002  4.4415412e-004
  4.7964602e+002  4.4004208e-004
  4.8053097e+002  4.4017684e-004
  4.8141593e+002  4.4154867e-004
  4.8230088e+002  4.4381387e-004
  4.8318584e+002  4.4515966e-004
  4.8407080e+002  4.4561786e-004
  4.8495575e+002  4.4498712e-004
  4.8584071e+002  4.4384934e-004
  4.8672566e+002  4.4326767e-004
  4.8761062e+002  4.4149270e-004
  4.8849558e+002  4.3877760e-004
  4.8938053e+002  4.3732215e-004
  4.9026549e+002  4.3747764e-004
  4.9115044e+002  4.3930675e-004
  4.9203540e+002  4.4047862e-004
  4.9292035e+002  4.4032981e-004
  4.9380531e+002  4.4056110e-004
  4.9469027e+002  4.4146897e-004
  4.9557522e+002  4.4107136e-004
  4.9646018e+002  4.3923211e-004
  4.9734513e+002  4.3880409e-004
  4.9823009e+002  4.3872024e-004
  4.9911504e+002  4.3838805e-004
  5.0000000e+002  4.3987875e-004
  5.0000000e+002  4.3987875e-004
  5.0106383e+002  4.4059818e-004
  5.0212766e+002  4.3789023e-004
  5.0319149e+002  4.3347688e-004
  5.0425532e+002  4.3107001e-004
  5.0531915e+002  4.3116377e-004
  5.0638298e+002  4.3132480e-004
  5.0744681e+002  4.3220963e-004
  5.0851064e+002  4.3338127e-004
  5.0957447e+002  4.3149780e-004
  5.1063830e+002  4.3055929e-004
  5.1170213e+002  4.2876819e-004
  5.1276596e+002  4.2744151e-004
  5.1382979e+002  4.2647881e-004
  5.1489362e+002  4.2646983e-004
  5.1595745e+002  4.2637906e-004
  5.1702128e+002  4.2723994e-004
  5.1808511e+002  4.2669904e-004
  5.1914894e+002  4.2638667e-004
  5.2021277e+002  4.2586397e-004
  5.2127660e+002  4.2267846e-004
  5.2234043e+002  4.1899514e-004
  5.2340426e+002  4.1607041e-004
  5.2446809e+002  4.1620103e-004
  5.2553191e+002  4.1819462e-004
  5.2659574e+002  4.2133773e-004
  5.2765957e+002  4.2470085e-004
  5.2872340e+002  4.2724063e-004
  5.2978723e+002  4.2724040e-004
  5.3085106e+002  4.2552740e-004
  5.3191489e+002  4.2203044e-004
  5.3297872e+002  4.1928886e-004
  5.3404255e+002  4.1748601e-004
  5.3510638e+002  4.1528394e-004
  5.3617021e+002  4.1364258e-004
  5.3723404e+002  4.1246702e-004
  5.3829787e+002  4.1167249e-004
  5.3936170e+002  4.1197105e-004
  5.4042553e+002  4.1270683e-004
  5.4148936e+002  4.1324681e-004
  5.4255319e+002  4.1253729e-004
  5.4361702e+002  4.1201597e-004
  5.4468085e+002  4.1143544e-004
  5.4574468e+002  4.1204315e-004
  5.4680851e+002  4.1494185e-004
  5.4787234e+002  4.1789284e-004
  5.4893617e+002  4.1848096e-004
  5.5000000e+002  4.1697414e-004
  5.5106383e+002  4.1328528e-004
  5.5212766e+002  4.0743191e-004
  5.5319149e+002  4.0321460e-004
  5.5425532e+002  4.0418006e-004
  5.5531915e+002  4.0867059e-004
  5.5638298e+002  4.1181117e-004
  5.5744681e+002  4.1165107e-004
  5.5851064e+002  4.0987817e-004
  5.5957447e+002  4.0613887e-004
  5.6063830e+002  4.0145414e-004
  5.6170213e+002  4.0059971e-004
  5.6276596e+002  4.0298262e-004
  5.6382979e+002  4.0672423e-004
  5.6489362e+002  4.0761897e-004
  5.6595745e+002  4.0638628e-004
  5.6702128e+002  4.0477740e-004
  5.6808511e+002  4.0227977e-004
  5.6914894e+002  3.9820782e-004
  5.7021277e+002  3.9715482e-004
  5.7127660e+002  3.9520569e-004
  5.7234043e+002  3.9257859e-004
  5.7340426e+002  3.9255533e-004
  5.7446809e+002  3.9479932e-004
  5.7553191e+002  3.9813364e-004
  5.7659574e+002  3.9931819e-004
  5.7765957e+002  3.9996920e-004
  5.7872340e+002  4.0134011e-004
  5.7978723e+002  3.9982430e-004
  5.8085106e+002  3.9798690e-004
  5.8191489e+002  3.9629647e-004
  5.8297872e+002  3.9329043e-004
  5.8404255e+002  3.9024821e-004
  5.8510638e+002  3.8833410e-004
  5.8617021e+002  3.8781508e-004
  5.8723404e+002  3.8840505e-004
  5.8829787e+002  3.8913508e-004
  5.8936170e+002  3.9142077e-004
  5.9042553e+002  3.9259702e-004
  5.9148936e+002  3.9099275e-004
  5.9255319e+002  3.8703322e-004
  5.9361702e+002  3.8284977e-004
  5.9468085e+002  3.8172374e-004
  5.9574468e+002  3.8228745e-004
  5.9680851e+002  3.8294491e-004
  5.9787234e+002  3.8263691e-004
  5.9893617e+002  3.8037126e-004
  6.0000000e+002  3.7849355e-004
  6.0000000e+002  3.7849355e-004
  6.0277778e+002  3.7670844e-004
  6.0555556e+002  3.7596528e-004
  6.0833333e+002  3.7556329e-004
  6.1111111e+002  3.7549049e-004
  6.1388889e+002  3.7445684e-004
  6.1666667e+002  3.7384729e-004
  6.1944444e+002  3.7528524e-004
  6.2222222e+002  3.7622145e-004
  6.2500000e+002  3.7625761e-004
  6.2777778e+002  3.7523571e-004
  6.3055556e+002  3.7323751e-004
  6.3333333e+002  3.7001469e-004
  6.3611111e+002  3.6572550e-004
  6.3888889e+002  3.6354601e-004
  6.4166667e+002  3.6409083e-004
  6.4444444e+002  3.6407032e-004
  6.4722222e+002  3.6421269e-004
  6.5000000e+002  3.6345041e-004
  6.5277778e+002  3.6199657e-004
  6.5555556e+002  3.6053697e-004
  6.5833333e+002  3.5921835e-004
  6.6111111e+002  3.5872330e-004
  6.6388889e+002  3.5812273e-004
  6.6666667e+002  3.5639337e-004
  6.6944444e+002  3.5595476e-004
  6.7222222e+002  3.5681310e-004
  6.7500000e+002  3.5629339e-004
  6.7777778e+002  3.5566588e-004
  6.8055556e+002  3.5524638e-004
  6.8333333e+002  3.5463545e-004
  6.8611111e+002  3.5289158e-004
  6.8888889e+002  3.5000716e-004
  6.9166667e+002  3.4796451e-004
  6.9444444e+002  3.4681682e-004
  6.9722222e+002  3.4608149e-004
  7.0000000e+002  3.4612618e-004
  7.0277778e+002  3.4576151e-004
  7.0555556e+002  3.4434407e-004
  7.0833333e+002  3.4225143e-004
  7.1111111e+002  3.4149053e-004
  7.1388889e+002  3.4249216e-004
  7.1666667e+002  3.4187432e-004
  7.1944444e+002  3.4008944e-004
  7.2222222e+002  3.3693849e-004
  7.2500000e+002  3.3388430e-004
  7.2777778e+002  3.3100150e-004
  7.3055556e+002  3.2923551e-004
  7.3333333e+002  3.3019107e-004
  7.3611111e+002  3.3163800e-004
  7.3888889e+002  3.3262834e-004
  7.4166667e+002  3.3209389e-004
  7.4444444e+002  3.3084669e-004
  7.4722222e+002  3.2896160e-004
  7.5000000e+002  3.2632598e-004
  7.5277778e+002  3.2429254e-004
  7.5555556e+002  3.2442339e-004
  7.5833333e+002  3.2176059e-004
  7.6111111e+002  3.1981883e-004
  7.6388889e+002  3.2029776e-004
  7.6666667e+002  3.2166360e-004
  7.6944444e+002  3.2254798e-004
  7.7222222e+002  3.2208149e-004
  7.7500000e+002  3.2101420e-004
  7.7777778e+002  3.1944103e-004
  7.8055556e+002  3.1753775e-004
  7.8333333e+002  3.1625945e-004
  7.8611111e+002  3.1483256e-004
  7.8888889e+002  3.1274843e-004
  7.9166667e+002  3.1188733e-004
  7.9444444e+002  3.1129736e-004
  7.9722222e+002  3.1170833e-004
  8.0000000e+002  3.1094513e-004
  8.0277778e+002  3.1070209e-004
  8.0555556e+002  3.1160236e-004
  8.0833333e+002  3.1211101e-004
  8.1111111e+002  3.1026463e-004
  8.1388889e+002  3.0613647e-004
  8.1666667e+002  3.0209999e-004
  8.1944444e+002  2.9960190e-004
  8.2222222e+002  2.9975072e-004
  8.2500000e+002  3.0204217e-004
  8.2777778e+002  3.0314125e-004
  8.3055556e+002  3.0261993e-004
  8.3333333e+002  3.0059363e-004
  8.3611111e+002  2.9827753e-004
  8.3888889e+002  2.9749382e-004
  8.4166667e+002  2.9804578e-004
  8.4444444e+002  3.0043375e-004
  8.4722222e+002  3.0165331e-004
  8.5000000e+002  3.0052106e-004
  8.5277778e+002  2.9871591e-004
  8.5555556e+002  2.9857769e-004
  8.5833333e+002  2.9887878e-004
  8.6111111e+002  3.0000435e-004
  8.6388889e+002  3.0000919e-004
  8.6666667e+002  2.9864980e-004
  8.6944444e+002  2.9412126e-004
  8.7222222e+002  2.8948860e-004
  8.7500000e+002  2.8846623e-004
  8.7777778e+002  2.8798638e-004
  8.8055556e+002  2.8706561e-004
  8.8333333e+002  2.8686173e-004
  8.8611111e+002  2.8602274e-004
  8.8888889e+002  2.8600661e-004
  8.9166667e+002  2.8375363e-004
  8.9444444e+002  2.8389899e-004
  8.9722222e+002  2.8423556e-004
  9.0000000e+002  2.8405034e-004
  9.0277778e+002  2.8558251e-004
  9.0555556e+002  2.8479788e-004
  9.0833333e+002  2.8164302e-004
  9.1111111e+002  2.7944878e-004
  9.1388889e+002  2.7964943e-004
  9.1666667e+002  2.8053403e-004
  9.1944444e+002  2.8003184e-004
  9.2222222e+002  2.8011085e-004
  9.2500000e+002  2.8003575e-004
  9.2777778e+002  2.7647475e-004
  9.3055556e+002  2.7418653e-004
  9.3333333e+002  2.7512227e-004
  9.3611111e+002  2.7499649e-004
  9.3888889e+002  2.7438925e-004
  9.4166667e+002  2.7367742e-004
  9.4444444e+002  2.7209641e-004
  9.4722222e+002  2.6989734e-004
  9.5000000e+002  2.6867110e-004
  9.5277778e+002  2.6925116e-004
  9.5555556e+002  2.6918090e-004
  9.5833333e+002  2.6929839e-004
  9.6111111e+002  2.6969738e-004
  9.6388889e+002  2.6943039e-004
  9.6666667e+002  2.7011688e-004
  9.6944444e+002  2.6947922e-004
  9.7222222e+002  2.6889870e-004
  9.7500000e+002  2.6730111e-004
  9.7777778e+002  2.6412552e-004
  9.8055556e+002  2.6156292e-004
  9.8333333e+002  2.6014502e-004
  9.8611111e+002  2.5962831e-004
  9.8888889e+002  2.5891602e-004
  9.9166667e+002  2.5916665e-004
  9.9444444e+002  2.6117406e-004
  9.9722222e+002  2.6054332e-004
  1.0000000e+003  2.5979786e-004
  1.0000000e+003  2.5979786e-004
  1.0077519e+003  2.6163088e-004
  1.0155039e+003  2.6190294e-004
  1.0232558e+003  2.6077092e-004
  1.0310078e+003  2.6055392e-004
  1.0387597e+003  2.5754557e-004
  1.0465116e+003  2.5402834e-004
  1.0542636e+003  2.5265236e-004
  1.0620155e+003  2.5343031e-004
  1.0697674e+003  2.5150790e-004
  1.0775194e+003  2.5213427e-004
  1.0852713e+003  2.5495118e-004
  1.0930233e+003  2.5627786e-004
  1.1007752e+003  2.5575032e-004
  1.1085271e+003  2.5609219e-004
  1.1162791e+003  2.5642553e-004
  1.1240310e+003  2.5649533e-004
  1.1317829e+003  2.5630412e-004
  1.1395349e+003  2.5625229e-004
  1.1472868e+003  2.5134526e-004
  1.1550388e+003  2.4575174e-004
  1.1627907e+003  2.4365587e-004
  1.1705426e+003  2.4522697e-004
  1.1782946e+003  2.4872531e-004
  1.1860465e+003  2.5098843e-004
  1.1937984e+003  2.5066177e-004
  1.2015504e+003  2.4731800e-004
  1.2093023e+003  2.4503438e-004
  1.2170543e+003  2.4612171e-004
  1.2248062e+003  2.4619543e-004
  1.2325581e+003  2.4481047e-004
  1.2403101e+003  2.4446307e-004
  1.2480620e+003  2.4341099e-004
  1.2558140e+003  2.4077037e-004
  1.2635659e+003  2.3965209e-004
  1.2713178e+003  2.4080293e-004
  1.2790698e+003  2.3845397e-004
  1.2868217e+003  2.3351757e-004
  1.2945736e+003  2.3174661e-004
  1.3023256e+003  2.3275552e-004
  1.3100775e+003  2.3281300e-004
  1.3178295e+003  2.3504476e-004
  1.3255814e+003  2.3725278e-004
  1.3333333e+003  2.3686820e-004
  1.3410853e+003  2.3439409e-004
  1.3488372e+003  2.3230267e-004
  1.3565891e+003  2.3304353e-004
  1.3643411e+003  2.3144239e-004
  1.3720930e+003  2.2875289e-004
  1.3798450e+003  2.2787918e-004
  1.3875969e+003  2.2853842e-004
  1.3953488e+003  2.2951595e-004
  1.4031008e+003  2.3092688e-004
  1.4108527e+003  2.2960817e-004
  1.4186047e+003  2.2733752e-004
  1.4263566e+003  2.2401433e-004
  1.4341085e+003  2.2343947e-004
  1.4418605e+003  2.2392388e-004
  1.4496124e+003  2.2487230e-004
  1.4573643e+003  2.2394464e-004
  1.4651163e+003  2.2228704e-004
  1.4728682e+003  2.2066365e-004
  1.4806202e+003  2.1929822e-004
  1.4883721e+003  2.1709553e-004
  1.4961240e+003  2.1496250e-004
  1.5038760e+003  2.1524475e-004
  1.5116279e+003  2.1689007e-004
  1.5193798e+003  2.1844571e-004
  1.5271318e+003  2.1914498e-004
  1.5348837e+003  2.1778781e-004
  1.5426357e+003  2.1564614e-004
  1.5503876e+003  2.1387796e-004
  1.5581395e+003  2.1332059e-004
  1.5658915e+003  2.1393979e-004
  1.5736434e+003  2.1487162e-004
  1.5813953e+003  2.1523666e-004
  1.5891473e+003  2.1466075e-004
  1.5968992e+003  2.1491491e-004
  1.6046512e+003  2.1515500e-004
  1.6124031e+003  2.1388808e-004
  1.6201550e+003  2.1203250e-004
  1.6279070e+003  2.1080750e-004
  1.6356589e+003  2.0772620e-004
  1.6434109e+003  2.0395865e-004
  1.6511628e+003  2.0245814e-004
  1.6589147e+003  2.0321883e-004
  1.6666667e+003  2.0600992e-004
  1.6744186e+003  2.0622925e-004
  1.6821705e+003  2.0504169e-004
  1.6899225e+003  2.0329109e-004
  1.6976744e+003  2.0032184e-004
  1.7054264e+003  2.0084871e-004
  1.7131783e+003  2.0323885e-004
  1.7209302e+003  2.0395006e-004
  1.7286822e+003  2.0533495e-004
  1.7364341e+003  2.0511389e-004
  1.7441860e+003  2.0347808e-004
  1.7519380e+003  1.9780635e-004
  1.7596899e+003  1.9350945e-004
  1.7674419e+003  1.9266306e-004
  1.7751938e+003  1.9212391e-004
  1.7829457e+003  1.9416012e-004
  1.7906977e+003  1.9872809e-004
  1.7984496e+003  2.0173380e-004
  1.8062016e+003  1.9974081e-004
  1.8139535e+003  1.9541467e-004
  1.8217054e+003  1.9132521e-004
  1.8294574e+003  1.8748372e-004
  1.8372093e+003  1.8497547e-004
  1.8449612e+003  1.8479152e-004
  1.8527132e+003  1.8578398e-004
  1.8604651e+003  1.8634958e-004
  1.8682171e+003  1.8490382e-004
  1.8759690e+003  1.8288872e-004
  1.8837209e+003  1.8205095e-004
  1.8914729e+003  1.8213420e-004
  1.8992248e+003  1.8271597e-004
  1.9069767e+003  1.8500394e-004
  1.9147287e+003  1.8693609e-004
  1.9224806e+003  1.8615160e-004
  1.9302326e+003  1.8562908e-004
  1.9379845e+003  1.8525188e-004
  1.9457364e+003  1.8488963e-004
  1.9534884e+003  1.8535421e-004
  1.9612403e+003  1.8519934e-004
  1.9689922e+003  1.8232690e-004
  1.9767442e+003  1.7672292e-004
  1.9844961e+003  1.7171981e-004
  1.9922481e+003  1.6949214e-004
  2.0000000e+003  1.6800271e-004
  2.0000000e+003  1.6800271e-004
  2.0355085e+003  1.6849604e-004
  2.0710169e+003  1.6805365e-004
  2.1065254e+003  1.6742242e-004
  2.1420339e+003  1.6672146e-004
  2.1775424e+003  1.6705227e-004
  2.2130508e+003  1.6660015e-004
  2.2485593e+003  1.6711702e-004
  2.2840678e+003  1.6780911e-004
  2.3195763e+003  1.6705579e-004
  2.3550847e+003  1.6271327e-004
  2.3905932e+003  1.6187990e-004
  2.4261017e+003  1.6202697e-004
  2.4616102e+003  1.6269358e-004
  2.4971186e+003  1.6268464e-004
  2.5326271e+003  1.6103379e-004
  2.5681356e+003  1.5564085e-004
  2.6036441e+003  1.5013837e-004
  2.6391525e+003  1.4930716e-004
  2.6746610e+003  1.5278180e-004
  2.7101695e+003  1.5631645e-004
  2.7456780e+003  1.6090866e-004
  2.7811864e+003  1.6388641e-004
  2.8166949e+003  1.6163295e-004
  2.8522034e+003  1.5777570e-004
  2.8877119e+003  1.5412428e-004
  2.9232203e+003  1.4856810e-004
  2.9587288e+003  1.4176184e-004
  2.9942373e+003  1.3692747e-004
  3.0297458e+003  1.3522543e-004
  3.0652542e+003  1.3555138e-004
  3.1007627e+003  1.3784145e-004
  3.1362712e+003  1.3982863e-004
  3.1717797e+003  1.3816617e-004
  3.2072881e+003  1.3463588e-004
  3.2427966e+003  1.3044326e-004
  3.2783051e+003  1.2672032e-004
  3.3138136e+003  1.2573617e-004
  3.3493220e+003  1.2501932e-004
  3.3848305e+003  1.2513293e-004
  3.4203390e+003  1.2656272e-004
  3.4558475e+003  1.2686010e-004
  3.4913559e+003  1.2346255e-004
  3.5268644e+003  1.1924369e-004
  3.5623729e+003  1.1751362e-004
  3.5978814e+003  1.1631175e-004
  3.6333898e+003  1.1592531e-004
  3.6688983e+003  1.1918896e-004
  3.7044068e+003  1.1943052e-004
  3.7399153e+003  1.1503274e-004
  3.7754237e+003  1.0982086e-004
  3.8109322e+003  1.0795695e-004
  3.8464407e+003  1.0840849e-004
  3.8819492e+003  1.0814778e-004
  3.9174576e+003  1.0628385e-004
  3.9529661e+003  1.0151027e-004
  3.9884746e+003  9.5306071e-005
  4.0239831e+003  9.2459022e-005
  4.0594915e+003  9.3051569e-005
  4.0950000e+003  9.4342380e-005
  4.1305085e+003  9.4375875e-005
  4.1660169e+003  9.2674806e-005
  4.2015254e+003  9.1447899e-005
  4.2370339e+003  9.0305006e-005
  4.2725424e+003  8.9921239e-005
  4.3080508e+003  8.9949344e-005
  4.3435593e+003  8.8020097e-005
  4.3790678e+003  8.6521864e-005
  4.4145763e+003  8.4602039e-005
  4.4500847e+003  8.3619182e-005
  4.4855932e+003  8.3849709e-005
  4.5211017e+003  8.2641577e-005
  4.5566102e+003  8.0017315e-005
  4.5921186e+003  7.6116917e-005
  4.6276271e+003  7.1832683e-005
  4.6631356e+003  6.7185253e-005
  4.6986441e+003  6.3486979e-005
  4.7341525e+003  6.4107424e-005
  4.7696610e+003  6.5677231e-005
  4.8051695e+003  6.5364670e-005
  4.8406780e+003  6.3763556e-005
  4.8761864e+003  6.1818621e-005
  4.9116949e+003  5.9618970e-005
  4.9472034e+003  5.8121337e-005
  4.9827119e+003  5.8776820e-005
  5.0182203e+003  6.0012251e-005
  5.0537288e+003  6.0322255e-005
  5.0892373e+003  5.9115551e-005
  5.1247458e+003  5.6647362e-005
  5.1602542e+003  5.3288416e-005
  5.1957627e+003  4.9650428e-005
  5.2312712e+003  4.7738620e-005
  5.2667797e+003  4.8118954e-005
  5.3022881e+003  5.0005745e-005
  5.3377966e+003  5.1588360e-005
  5.3733051e+003  5.1875512e-005
  5.4088136e+003  5.2193717e-005
  5.4443220e+003  5.0860818e-005
  5.4798305e+003  4.8736566e-005
  5.5153390e+003  4.6275357e-005
  5.5508475e+003  4.3510411e-005
  5.5863559e+003  4.1164754e-005
  5.6218644e+003  4.0491393e-005
  5.6573729e+003  4.0318411e-005
  5.6928814e+003  3.9469259e-005
  5.7283898e+003  3.9152206e-005
  5.7638983e+003  3.9401393e-005
  5.7994068e+003  3.8980860e-005
  5.8349153e+003  3.7813640e-005
  5.8704237e+003  3.5772919e-005
  5.9059322e+003  3.3943710e-005
  5.9414407e+003  3.1628975e-005
  5.9769492e+003  3.0621329e-005
  6.0124576e+003  3.2231793e-005
  6.0479661e+003  3.4278087e-005
  6.0834746e+003  3.4996954e-005
  6.1189831e+003  3.4457535e-005
  6.1544915e+003  3.3090386e-005
  6.1900000e+003  3.1037407e-005
  6.2255085e+003  2.8977056e-005
  6.2610169e+003  2.8572478e-005
  6.2965254e+003  2.9243951e-005
  6.3320339e+003  2.9780041e-005
  6.3675424e+003  3.0389334e-005
  6.4030508e+003  3.0036323e-005
  6.4385593e+003  2.8056478e-005
  6.4740678e+003  2.6047884e-005
  6.5095763e+003  2.5314506e-005
  6.5450847e+003  2.5780071e-005
  6.5805932e+003  2.6101082e-005
  6.6161017e+003  2.6120619e-005
  6.6516102e+003  2.5395371e-005
  6.6871186e+003  2.4770738e-005
  6.7226271e+003  2.5651804e-005
  6.7581356e+003  2.6015273e-005
  6.7936441e+003  2.5575854e-005
  6.8291525e+003  2.4806560e-005
  6.8646610e+003  2.3646982e-005
  6.9001695e+003  2.4185355e-005
  6.9356780e+003  2.5156714e-005
  6.9711864e+003  2.5849112e-005
  7.0066949e+003  2.4717602e-005
  7.0422034e+003  2.1298222e-005
  7.0777119e+003  1.8857435e-005
  7.1132203e+003  1.7854018e-005
  7.1487288e+003  1.9407877e-005
  7.1842373e+003  2.1915723e-005
  7.2197458e+003  2.2987882e-005
  7.2552542e+003  2.3144112e-005
  7.2907627e+003  2.3203594e-005
  7.3262712e+003  2.2180859e-005
  7.3617797e+003  2.1520837e-005
  7.3972881e+003  2.1665838e-005
  7.4327966e+003  2.1417741e-005
  7.4683051e+003  2.0349098e-005
  7.5038136e+003  1.8836435e-005
  7.5393220e+003  1.7800956e-005
  7.5748305e+003  1.7683259e-005
  7.6103390e+003  1.8452714e-005
  7.6458475e+003  1.9731124e-005
  7.6813559e+003  2.0317710e-005
  7.7168644e+003  2.0019418e-005
  7.7523729e+003  1.9278261e-005
  7.7878814e+003  1.8489112e-005
  7.8233898e+003  1.8083619e-005
  7.8588983e+003  1.7859913e-005
  7.8944068e+003  1.8008253e-005
  7.9299153e+003  1.8363095e-005
  7.9654237e+003  1.8669342e-005
  8.0009322e+003  1.8792742e-005
  8.0364407e+003  1.8569459e-005
  8.0719492e+003  1.8517074e-005
  8.1074576e+003  1.9235798e-005
  8.1429661e+003  1.9995939e-005
  8.1784746e+003  1.9686641e-005
  8.2139831e+003  1.8866943e-005
  8.2494915e+003  1.8974268e-005
  8.2850000e+003  1.8772472e-005
  8.3205085e+003  1.8348107e-005
  8.3560169e+003  1.7884620e-005
  8.3915254e+003  1.6414631e-005
  8.4270339e+003  1.4315486e-005
  8.4625424e+003  1.4001444e-005
  8.4980508e+003  1.6325449e-005
  8.5335593e+003  1.8726267e-005
  8.5690678e+003  1.9342370e-005
  8.6045763e+003  1.8161442e-005
  8.6400847e+003  1.5846737e-005
  8.6755932e+003  1.4120136e-005
  8.7111017e+003  1.3466388e-005
  8.7466102e+003  1.4360011e-005
  8.7821186e+003  1.5216068e-005
  8.8176271e+003  1.5146963e-005
  8.8531356e+003  1.4739754e-005
  8.8886441e+003  1.4413783e-005
  8.9241525e+003  1.3710942e-005
  8.9596610e+003  1.2885083e-005
  8.9951695e+003  1.2584191e-005
