  4.5416667e+001  9.8355108e-006
  4.5833333e+001  9.6718805e-006
  4.6250000e+001  9.8290483e-006
  4.6666667e+001  9.9440129e-006
  4.7083333e+001  1.0057536e-005
  4.7500000e+001  9.9811483e-006
  4.7916667e+001  9.8707908e-006
  4.8333333e+001  9.6205095e-006
  4.8750000e+001  9.3202555e-006
  4.9166667e+001  9.1773481e-006
  4.9583333e+001  9.1592393e-006
  5.0000000e+001  9.2744989e-006
  5.0416667e+001  9.6403214e-006
  5.0833333e+001  9.8654995e-006
  5.1250000e+001  9.9578194e-006
  5.1666667e+001  9.9752590e-006
  5.2083333e+001  9.9746328e-006
  5.2500000e+001  1.0108034e-005
  5.2916667e+001  1.0232439e-005
  5.3333333e+001  1.0298429e-005
  5.3750000e+001  1.0347561e-005
  5.4166667e+001  1.0360386e-005
  5.4583333e+001  1.0520274e-005
  5.5000000e+001  1.0783202e-005
  5.5416667e+001  1.1077640e-005
  5.5833333e+001  1.1222522e-005
  5.6250000e+001  1.1327744e-005
  5.6666667e+001  1.1414095e-005
  5.7083333e+001  1.1558654e-005
  5.7500000e+001  1.1728436e-005
  5.7916667e+001  1.1890853e-005
  5.8333333e+001  1.2033830e-005
  5.8750000e+001  1.2113886e-005
  5.9166667e+001  1.2136665e-005
  5.9583333e+001  1.2290495e-005
  6.0000000e+001  1.2378005e-005
  6.0416667e+001  1.2351197e-005
  6.0833333e+001  1.2268670e-005
  6.1250000e+001  1.2314138e-005
  6.1666667e+001  1.2512262e-005
  6.2083333e+001  1.2677116e-005
  6.2500000e+001  1.2896547e-005
  6.2916667e+001  1.3154832e-005
  6.3333333e+001  1.3250185e-005
  6.3750000e+001  1.3292486e-005
  6.4166667e+001  1.3433242e-005
  6.4583333e+001  1.3586145e-005
  6.5000000e+001  1.3738891e-005
  6.5416667e+001  1.3873585e-005
  6.5833333e+001  1.4079594e-005
  6.6250000e+001  1.4350802e-005
  6.6666667e+001  1.4506731e-005
  6.7083333e+001  1.4741363e-005
  6.7500000e+001  1.5040159e-005
  6.7916667e+001  1.5255467e-005
  6.8333333e+001  1.5489460e-005
  6.8750000e+001  1.5724911e-005
  6.9166667e+001  1.5911617e-005
  6.9583333e+001  1.6069489e-005
  7.0000000e+001  1.6254903e-005
  7.0416667e+001  1.6424391e-005
  7.0833333e+001  1.6557319e-005
  7.1250000e+001  1.6764406e-005
  7.1666667e+001  1.7032564e-005
  7.2083333e+001  1.7313089e-005
  7.2500000e+001  1.7549733e-005
  7.2916667e+001  1.7871343e-005
  7.3333333e+001  1.8217133e-005
  7.3750000e+001  1.8341721e-005
  7.4166667e+001  1.8372426e-005
  7.4583333e+001  1.8527208e-005
  7.5000000e+001  1.8792343e-005
  7.5416667e+001  1.9033890e-005
  7.5833333e+001  1.9218971e-005
  7.6250000e+001  1.9329231e-005
  7.6666667e+001  1.9364916e-005
  7.7083333e+001  1.9476909e-005
  7.7500000e+001  1.9766029e-005
  7.7916667e+001  2.0148307e-005
  7.8333333e+001  2.0622572e-005
  7.8750000e+001  2.1086315e-005
  7.9166667e+001  2.1398290e-005
  7.9583333e+001  2.1537265e-005
  8.0000000e+001  2.1668049e-005
  8.0416667e+001  2.1681931e-005
  8.0833333e+001  2.1810769e-005
  8.1250000e+001  2.2208977e-005
  8.1666667e+001  2.2791371e-005
  8.2083333e+001  2.3188271e-005
  8.2500000e+001  2.3277614e-005
  8.2916667e+001  2.3415198e-005
  8.3333333e+001  2.3660680e-005
  8.3750000e+001  2.3857573e-005
  8.4166667e+001  2.4096362e-005
  8.4583333e+001  2.4420038e-005
  8.5000000e+001  2.4890028e-005
  8.5416667e+001  2.5037868e-005
  8.5833333e+001  2.5279688e-005
  8.6250000e+001  2.5562594e-005
  8.6666667e+001  2.5840165e-005
  8.7083333e+001  2.6270894e-005
  8.7500000e+001  2.6735997e-005
  8.7916667e+001  2.7144029e-005
  8.8333333e+001  2.7591954e-005
  8.8750000e+001  2.7601463e-005
  8.9166667e+001  2.7631746e-005
  8.9583333e+001  2.7770822e-005
  9.0000000e+001  2.7947089e-005
  9.0416667e+001  2.8357093e-005
  9.0833333e+001  2.8804189e-005
  9.1250000e+001  2.9307230e-005
  9.1666667e+001  2.9892291e-005
  9.2083333e+001  3.0076146e-005
  9.2500000e+001  3.0290781e-005
  9.2916667e+001  3.0484509e-005
  9.3333333e+001  3.0861662e-005
  9.3750000e+001  3.1501641e-005
  9.4166667e+001  3.2083638e-005
  9.4583333e+001  3.2523660e-005
  9.5000000e+001  3.2663265e-005
  9.5416667e+001  3.2297875e-005
  9.5833333e+001  3.2249534e-005
  9.6250000e+001  3.2556958e-005
  9.6666667e+001  3.3113724e-005
  9.7083333e+001  3.3525998e-005
  9.7500000e+001  3.4005266e-005
  9.7916667e+001  3.4515032e-005
  9.8333333e+001  3.4848085e-005
  9.8750000e+001  3.5026622e-005
  9.9166667e+001  3.5551646e-005
  9.9583333e+001  3.5858490e-005
  1.0000000e+002  3.6208142e-005
  1.0000000e+002  3.6208142e-005
  1.0053763e+002  3.6583290e-005
  1.0107527e+002  3.6931816e-005
  1.0161290e+002  3.7415242e-005
  1.0215054e+002  3.7858859e-005
  1.0268817e+002  3.8267156e-005
  1.0322581e+002  3.8424306e-005
  1.0376344e+002  3.8445262e-005
  1.0430108e+002  3.8584305e-005
  1.0483871e+002  3.8900061e-005
  1.0537634e+002  3.9443988e-005
  1.0591398e+002  4.0234292e-005
  1.0645161e+002  4.0875762e-005
  1.0698925e+002  4.1498629e-005
  1.0752688e+002  4.1995093e-005
  1.0806452e+002  4.2402429e-005
  1.0860215e+002  4.2893045e-005
  1.0913978e+002  4.3397163e-005
  1.0967742e+002  4.3681592e-005
  1.1021505e+002  4.3720457e-005
  1.1075269e+002  4.3862150e-005
  1.1129032e+002  4.3899193e-005
  1.1182796e+002  4.4197274e-005
  1.1236559e+002  4.4916358e-005
  1.1290323e+002  4.5822329e-005
  1.1344086e+002  4.6270269e-005
  1.1397849e+002  4.6742911e-005
  1.1451613e+002  4.6873156e-005
  1.1505376e+002  4.7161330e-005
  1.1559140e+002  4.7463122e-005
  1.1612903e+002  4.7992420e-005
  1.1666667e+002  4.8467895e-005
  1.1720430e+002  4.8570176e-005
  1.1774194e+002  4.8766953e-005
  1.1827957e+002  4.9025969e-005
  1.1881720e+002  4.9653640e-005
  1.1935484e+002  5.0404615e-005
  1.1989247e+002  5.1216521e-005
  1.2043011e+002  5.1830309e-005
  1.2096774e+002  5.2147772e-005
  1.2150538e+002  5.2369100e-005
  1.2204301e+002  5.2731458e-005
  1.2258065e+002  5.2975168e-005
  1.2311828e+002  5.3164059e-005
  1.2365591e+002  5.3455877e-005
  1.2419355e+002  5.3720377e-005
  1.2473118e+002  5.3902956e-005
  1.2526882e+002  5.4125527e-005
  1.2580645e+002  5.4791052e-005
  1.2634409e+002  5.5562486e-005
  1.2688172e+002  5.6042831e-005
  1.2741935e+002  5.6394090e-005
  1.2795699e+002  5.6959884e-005
  1.2849462e+002  5.7382131e-005
  1.2903226e+002  5.7830469e-005
  1.2956989e+002  5.8043729e-005
  1.3010753e+002  5.8472933e-005
  1.3064516e+002  5.9132031e-005
  1.3118280e+002  6.0120105e-005
  1.3172043e+002  6.1201083e-005
  1.3225806e+002  6.1975235e-005
  1.3279570e+002  6.2098771e-005
  1.3333333e+002  6.2030881e-005
  1.3387097e+002  6.2223202e-005
  1.3440860e+002  6.2295746e-005
  1.3494624e+002  6.2323909e-005
  1.3548387e+002  6.2651511e-005
  1.3602151e+002  6.2950453e-005
  1.3655914e+002  6.3540485e-005
  1.3709677e+002  6.4160601e-005
  1.3763441e+002  6.4760241e-005
  1.3817204e+002  6.5333093e-005
  1.3870968e+002  6.5668133e-005
  1.3924731e+002  6.5899898e-005
  1.3978495e+002  6.6168407e-005
  1.4032258e+002  6.6477240e-005
  1.4086022e+002  6.7205816e-005
  1.4139785e+002  6.7791988e-005
  1.4193548e+002  6.8464620e-005
  1.4247312e+002  6.8996801e-005
  1.4301075e+002  6.9409025e-005
  1.4354839e+002  6.9819691e-005
  1.4408602e+002  7.0282790e-005
  1.4462366e+002  7.0762041e-005
  1.4516129e+002  7.1179831e-005
  1.4569892e+002  7.1401507e-005
  1.4623656e+002  7.1940994e-005
  1.4677419e+002  7.2706167e-005
  1.4731183e+002  7.3364038e-005
  1.4784946e+002  7.3801575e-005
  1.4838710e+002  7.4291561e-005
  1.4892473e+002  7.4878362e-005
  1.4946237e+002  7.5563154e-005
  1.5000000e+002  7.5944067e-005
  1.5000000e+002  7.5944067e-005
  1.5053763e+002  7.6052577e-005
  1.5107527e+002  7.6159530e-005
  1.5161290e+002  7.6402163e-005
  1.5215054e+002  7.7166540e-005
  1.5268817e+002  7.7965392e-005
  1.5322581e+002  7.8531369e-005
  1.5376344e+002  7.8779932e-005
  1.5430108e+002  7.8595464e-005
  1.5483871e+002  7.8748820e-005
  1.5537634e+002  7.9345462e-005
  1.5591398e+002  7.9979328e-005
  1.5645161e+002  8.0742280e-005
  1.5698925e+002  8.1232565e-005
  1.5752688e+002  8.1589556e-005
  1.5806452e+002  8.1739168e-005
  1.5860215e+002  8.1800000e-005
  1.5913978e+002  8.2117264e-005
  1.5967742e+002  8.2668398e-005
  1.6021505e+002  8.3437099e-005
  1.6075269e+002  8.4326867e-005
  1.6129032e+002  8.4912111e-005
  1.6182796e+002  8.5153484e-005
  1.6236559e+002  8.5310601e-005
  1.6290323e+002  8.5309325e-005
  1.6344086e+002  8.5276755e-005
  1.6397849e+002  8.5701652e-005
  1.6451613e+002  8.6695641e-005
  1.6505376e+002  8.7926032e-005
  1.6559140e+002  8.8703828e-005
  1.6612903e+002  8.8997403e-005
  1.6666667e+002  8.9027156e-005
  1.6720430e+002  8.8886060e-005
  1.6774194e+002  8.8839425e-005
  1.6827957e+002  8.9223767e-005
  1.6881720e+002  9.0269178e-005
  1.6935484e+002  9.1221021e-005
  1.6989247e+002  9.1671430e-005
  1.7043011e+002  9.2188304e-005
  1.7096774e+002  9.2731270e-005
  1.7150538e+002  9.2833452e-005
  1.7204301e+002  9.2624582e-005
  1.7258065e+002  9.2754066e-005
  1.7311828e+002  9.3278726e-005
  1.7365591e+002  9.3631509e-005
  1.7419355e+002  9.4181781e-005
  1.7473118e+002  9.4857096e-005
  1.7526882e+002  9.5607938e-005
  1.7580645e+002  9.6342015e-005
  1.7634409e+002  9.7176618e-005
  1.7688172e+002  9.7802201e-005
  1.7741935e+002  9.7901716e-005
  1.7795699e+002  9.8005322e-005
  1.7849462e+002  9.8285660e-005
  1.7903226e+002  9.8624975e-005
  1.7956989e+002  9.9271514e-005
  1.8010753e+002  9.9745928e-005
  1.8064516e+002  1.0016518e-004
  1.8118280e+002  1.0005829e-004
  1.8172043e+002  1.0018885e-004
  1.8225806e+002  1.0053797e-004
  1.8279570e+002  1.0089698e-004
  1.8333333e+002  1.0129206e-004
  1.8387097e+002  1.0175569e-004
  1.8440860e+002  1.0229607e-004
  1.8494624e+002  1.0266251e-004
  1.8548387e+002  1.0352550e-004
  1.8602151e+002  1.0417027e-004
  1.8655914e+002  1.0429608e-004
  1.8709677e+002  1.0423269e-004
  1.8763441e+002  1.0379794e-004
  1.8817204e+002  1.0373068e-004
  1.8870968e+002  1.0391912e-004
  1.8924731e+002  1.0405397e-004
  1.8978495e+002  1.0510061e-004
  1.9032258e+002  1.0527439e-004
  1.9086022e+002  1.0609609e-004
  1.9139785e+002  1.0725713e-004
  1.9193548e+002  1.0847634e-004
  1.9247312e+002  1.0914034e-004
  1.9301075e+002  1.0944280e-004
  1.9354839e+002  1.0893248e-004
  1.9408602e+002  1.0892828e-004
  1.9462366e+002  1.0870055e-004
  1.9516129e+002  1.0947176e-004
  1.9569892e+002  1.0973907e-004
  1.9623656e+002  1.0937630e-004
  1.9677419e+002  1.0927597e-004
  1.9731183e+002  1.0984091e-004
  1.9784946e+002  1.1030417e-004
  1.9838710e+002  1.1165706e-004
  1.9892473e+002  1.1230321e-004
  1.9946237e+002  1.1279479e-004
  2.0000000e+002  1.1319043e-004
  2.0000000e+002  1.1319043e-004
  2.0054945e+002  1.1342334e-004
  2.0109890e+002  1.1361091e-004
  2.0164835e+002  1.1370235e-004
  2.0219780e+002  1.1373833e-004
  2.0274725e+002  1.1430343e-004
  2.0329670e+002  1.1391290e-004
  2.0384615e+002  1.1449609e-004
  2.0439560e+002  1.1492357e-004
  2.0494505e+002  1.1397528e-004
  2.0549451e+002  1.1354764e-004
  2.0604396e+002  1.1339909e-004
  2.0659341e+002  1.1296011e-004
  2.0714286e+002  1.1372682e-004
  2.0769231e+002  1.1441390e-004
  2.0824176e+002  1.1590125e-004
  2.0879121e+002  1.1571631e-004
  2.0934066e+002  1.1546557e-004
  2.0989011e+002  1.1597736e-004
  2.1043956e+002  1.1733786e-004
  2.1098901e+002  1.1827887e-004
  2.1153846e+002  1.1934605e-004
  2.1208791e+002  1.2022523e-004
  2.1263736e+002  1.1977262e-004
  2.1318681e+002  1.1873424e-004
  2.1373626e+002  1.1823123e-004
  2.1428571e+002  1.1840441e-004
  2.1483516e+002  1.1890330e-004
  2.1538462e+002  1.1924220e-004
  2.1593407e+002  1.1970059e-004
  2.1648352e+002  1.2018461e-004
  2.1703297e+002  1.2004693e-004
  2.1758242e+002  1.2051820e-004
  2.1813187e+002  1.2153674e-004
  2.1868132e+002  1.2278671e-004
  2.1923077e+002  1.2354701e-004
  2.1978022e+002  1.2364436e-004
  2.2032967e+002  1.2323705e-004
  2.2087912e+002  1.2275323e-004
  2.2142857e+002  1.2251005e-004
  2.2197802e+002  1.2269944e-004
  2.2252747e+002  1.2304770e-004
  2.2307692e+002  1.2342598e-004
  2.2362637e+002  1.2292318e-004
  2.2417582e+002  1.2251891e-004
  2.2472527e+002  1.2293924e-004
  2.2527473e+002  1.2309579e-004
  2.2582418e+002  1.2327108e-004
  2.2637363e+002  1.2331768e-004
  2.2692308e+002  1.2374226e-004
  2.2747253e+002  1.2463621e-004
  2.2802198e+002  1.2540150e-004
  2.2857143e+002  1.2705127e-004
  2.2912088e+002  1.2781897e-004
  2.2967033e+002  1.2762887e-004
  2.3021978e+002  1.2724842e-004
  2.3076923e+002  1.2692180e-004
  2.3131868e+002  1.2656256e-004
  2.3186813e+002  1.2585802e-004
  2.3241758e+002  1.2524088e-004
  2.3296703e+002  1.2550484e-004
  2.3351648e+002  1.2560694e-004
  2.3406593e+002  1.2581301e-004
  2.3461538e+002  1.2623906e-004
  2.3516484e+002  1.2692526e-004
  2.3571429e+002  1.2674401e-004
  2.3626374e+002  1.2697957e-004
  2.3681319e+002  1.2790656e-004
  2.3736264e+002  1.2858315e-004
  2.3791209e+002  1.2869418e-004
  2.3846154e+002  1.2898219e-004
  2.3901099e+002  1.2915019e-004
  2.3956044e+002  1.2866516e-004
  2.4010989e+002  1.2836691e-004
  2.4065934e+002  1.2866701e-004
  2.4120879e+002  1.2875170e-004
  2.4175824e+002  1.2866426e-004
  2.4230769e+002  1.2897707e-004
  2.4285714e+002  1.2960519e-004
  2.4340659e+002  1.3004864e-004
  2.4395604e+002  1.3106146e-004
  2.4450549e+002  1.3226639e-004
  2.4505495e+002  1.3257173e-004
  2.4560440e+002  1.3248320e-004
  2.4615385e+002  1.3212003e-004
  2.4670330e+002  1.3185760e-004
  2.4725275e+002  1.3151542e-004
  2.4780220e+002  1.3130973e-004
  2.4835165e+002  1.3170883e-004
  2.4890110e+002  1.3194210e-004
  2.4945055e+002  1.3209408e-004
  2.5000000e+002  1.3220561e-004
  2.5054945e+002  1.3245409e-004
  2.5109890e+002  1.3304409e-004
  2.5164835e+002  1.3321066e-004
  2.5219780e+002  1.3333052e-004
  2.5274725e+002  1.3330481e-004
  2.5329670e+002  1.3277309e-004
  2.5384615e+002  1.3230431e-004
  2.5439560e+002  1.3173327e-004
  2.5494505e+002  1.3149857e-004
  2.5549451e+002  1.3180261e-004
  2.5604396e+002  1.3240179e-004
  2.5659341e+002  1.3307184e-004
  2.5714286e+002  1.3356159e-004
  2.5769231e+002  1.3358568e-004
  2.5824176e+002  1.3327993e-004
  2.5879121e+002  1.3314929e-004
  2.5934066e+002  1.3306079e-004
  2.5989011e+002  1.3275716e-004
  2.6043956e+002  1.3284252e-004
  2.6098901e+002  1.3336029e-004
  2.6153846e+002  1.3359579e-004
  2.6208791e+002  1.3343453e-004
  2.6263736e+002  1.3344187e-004
  2.6318681e+002  1.3314637e-004
  2.6373626e+002  1.3267035e-004
  2.6428571e+002  1.3248055e-004
  2.6483516e+002  1.3258227e-004
  2.6538462e+002  1.3272760e-004
  2.6593407e+002  1.3284309e-004
  2.6648352e+002  1.3302293e-004
  2.6703297e+002  1.3287935e-004
  2.6758242e+002  1.3260713e-004
  2.6813187e+002  1.3240095e-004
  2.6868132e+002  1.3195095e-004
  2.6923077e+002  1.3073741e-004
  2.6978022e+002  1.3012107e-004
  2.7032967e+002  1.3119043e-004
  2.7087912e+002  1.3261343e-004
  2.7142857e+002  1.3420992e-004
  2.7197802e+002  1.3508460e-004
  2.7252747e+002  1.3523105e-004
  2.7307692e+002  1.3466633e-004
  2.7362637e+002  1.3318485e-004
  2.7417582e+002  1.3262870e-004
  2.7472527e+002  1.3225001e-004
  2.7527473e+002  1.3150602e-004
  2.7582418e+002  1.3141113e-004
  2.7637363e+002  1.3147417e-004
  2.7692308e+002  1.3200357e-004
  2.7747253e+002  1.3248225e-004
  2.7802198e+002  1.3261884e-004
  2.7857143e+002  1.3237846e-004
  2.7912088e+002  1.3172959e-004
  2.7967033e+002  1.3180616e-004
  2.8021978e+002  1.3117291e-004
  2.8076923e+002  1.3079005e-004
  2.8131868e+002  1.3092197e-004
  2.8186813e+002  1.3073563e-004
  2.8241758e+002  1.3041025e-004
  2.8296703e+002  1.3027630e-004
  2.8351648e+002  1.3063019e-004
  2.8406593e+002  1.3188149e-004
  2.8461538e+002  1.3261386e-004
  2.8516484e+002  1.3239208e-004
  2.8571429e+002  1.3149168e-004
  2.8626374e+002  1.2980152e-004
  2.8681319e+002  1.2907972e-004
  2.8736264e+002  1.2900808e-004
  2.8791209e+002  1.2951124e-004
  2.8846154e+002  1.3024343e-004
  2.8901099e+002  1.3017923e-004
  2.8956044e+002  1.3030134e-004
  2.9010989e+002  1.3182561e-004
  2.9065934e+002  1.3207172e-004
  2.9120879e+002  1.3164702e-004
  2.9175824e+002  1.3123824e-004
  2.9230769e+002  1.3147889e-004
  2.9285714e+002  1.3113711e-004
  2.9340659e+002  1.3115018e-004
  2.9395604e+002  1.3166533e-004
  2.9450549e+002  1.3229684e-004
  2.9505495e+002  1.3114928e-004
  2.9560440e+002  1.3095799e-004
  2.9615385e+002  1.3124310e-004
  2.9670330e+002  1.3140489e-004
  2.9725275e+002  1.3111161e-004
  2.9780220e+002  1.3165713e-004
  2.9835165e+002  1.3191200e-004
  2.9890110e+002  1.3268195e-004
  2.9945055e+002  1.3305134e-004
  3.0000000e+002  1.3380273e-004
  3.0000000e+002  1.3380273e-004
  3.0062112e+002  1.3379210e-004
  3.0124224e+002  1.3376266e-004
  3.0186335e+002  1.3306998e-004
  3.0248447e+002  1.3304200e-004
  3.0310559e+002  1.3382364e-004
  3.0372671e+002  1.3483010e-004
  3.0434783e+002  1.3531123e-004
  3.0496894e+002  1.3445032e-004
  3.0559006e+002  1.3446259e-004
  3.0621118e+002  1.3480439e-004
  3.0683230e+002  1.3460084e-004
  3.0745342e+002  1.3482379e-004
  3.0807453e+002  1.3470475e-004
  3.0869565e+002  1.3415368e-004
  3.0931677e+002  1.3290862e-004
  3.0993789e+002  1.3219764e-004
  3.1055901e+002  1.3279400e-004
  3.1118012e+002  1.3257781e-004
  3.1180124e+002  1.3264152e-004
  3.1242236e+002  1.3334981e-004
  3.1304348e+002  1.3372590e-004
  3.1366460e+002  1.3311650e-004
  3.1428571e+002  1.3238874e-004
  3.1490683e+002  1.3264361e-004
  3.1552795e+002  1.3286623e-004
  3.1614907e+002  1.3388485e-004
  3.1677019e+002  1.3471102e-004
  3.1739130e+002  1.3480906e-004
  3.1801242e+002  1.3375683e-004
  3.1863354e+002  1.3244768e-004
  3.1925466e+002  1.3224206e-004
  3.1987578e+002  1.3207568e-004
  3.2049689e+002  1.3405401e-004
  3.2111801e+002  1.3639396e-004
  3.2173913e+002  1.3698555e-004
  3.2236025e+002  1.3590704e-004
  3.2298137e+002  1.3371571e-004
  3.2360248e+002  1.3180399e-004
  3.2422360e+002  1.3003532e-004
  3.2484472e+002  1.2915836e-004
  3.2546584e+002  1.2973522e-004
  3.2608696e+002  1.2953685e-004
  3.2670807e+002  1.2960240e-004
  3.2732919e+002  1.2945180e-004
  3.2795031e+002  1.3016272e-004
  3.2857143e+002  1.3079895e-004
  3.2919255e+002  1.3086020e-004
  3.2981366e+002  1.3139894e-004
  3.3043478e+002  1.3168905e-004
  3.3105590e+002  1.3151969e-004
  3.3167702e+002  1.3182064e-004
  3.3229814e+002  1.3225680e-004
  3.3291925e+002  1.3258323e-004
  3.3354037e+002  1.3248643e-004
  3.3416149e+002  1.3246439e-004
  3.3478261e+002  1.3154762e-004
  3.3540373e+002  1.3023662e-004
  3.3602484e+002  1.2935843e-004
  3.3664596e+002  1.2919136e-004
  3.3726708e+002  1.2889425e-004
  3.3788820e+002  1.2917805e-004
  3.3850932e+002  1.2984500e-004
  3.3913043e+002  1.3005225e-004
  3.3975155e+002  1.3054775e-004
  3.4037267e+002  1.3099402e-004
  3.4099379e+002  1.3080443e-004
  3.4161491e+002  1.3057754e-004
  3.4223602e+002  1.3077495e-004
  3.4285714e+002  1.3142023e-004
  3.4347826e+002  1.3160291e-004
  3.4409938e+002  1.3130363e-004
  3.4472050e+002  1.3064081e-004
  3.4534161e+002  1.2992979e-004
  3.4596273e+002  1.2984068e-004
  3.4658385e+002  1.3044476e-004
  3.4720497e+002  1.3114221e-004
  3.4782609e+002  1.3151124e-004
  3.4844720e+002  1.3155440e-004
  3.4906832e+002  1.3111779e-004
  3.4968944e+002  1.3047441e-004
  3.5031056e+002  1.3010438e-004
  3.5093168e+002  1.3007573e-004
  3.5155280e+002  1.3025907e-004
  3.5217391e+002  1.3065509e-004
  3.5279503e+002  1.3149602e-004
  3.5341615e+002  1.3201347e-004
  3.5403727e+002  1.3143454e-004
  3.5465839e+002  1.3071150e-004
  3.5527950e+002  1.3020498e-004
  3.5590062e+002  1.2958599e-004
  3.5652174e+002  1.2928930e-004
  3.5714286e+002  1.2970003e-004
  3.5776398e+002  1.3046335e-004
  3.5838509e+002  1.3086460e-004
  3.5900621e+002  1.3078460e-004
  3.5962733e+002  1.3052468e-004
  3.6024845e+002  1.2997199e-004
  3.6086957e+002  1.3012991e-004
  3.6149068e+002  1.3046822e-004
  3.6211180e+002  1.3089747e-004
  3.6273292e+002  1.3161619e-004
  3.6335404e+002  1.3170398e-004
  3.6397516e+002  1.3093281e-004
  3.6459627e+002  1.3049063e-004
  3.6521739e+002  1.3082571e-004
  3.6583851e+002  1.3139471e-004
  3.6645963e+002  1.3102300e-004
  3.6708075e+002  1.3091243e-004
  3.6770186e+002  1.3134598e-004
  3.6832298e+002  1.3177892e-004
  3.6894410e+002  1.3183682e-004
  3.6956522e+002  1.3173143e-004
  3.7018634e+002  1.3191918e-004
  3.7080745e+002  1.3195123e-004
  3.7142857e+002  1.3228952e-004
  3.7204969e+002  1.3286502e-004
  3.7267081e+002  1.3268160e-004
  3.7329193e+002  1.3198688e-004
  3.7391304e+002  1.3119552e-004
  3.7453416e+002  1.3018960e-004
  3.7515528e+002  1.2980208e-004
  3.7577640e+002  1.2907304e-004
  3.7639752e+002  1.2940806e-004
  3.7701863e+002  1.2944630e-004
  3.7763975e+002  1.2959916e-004
  3.7826087e+002  1.3065936e-004
  3.7888199e+002  1.3072447e-004
  3.7950311e+002  1.2956737e-004
  3.8012422e+002  1.2874136e-004
  3.8074534e+002  1.2814368e-004
  3.8136646e+002  1.2829548e-004
  3.8198758e+002  1.2802796e-004
  3.8260870e+002  1.2820675e-004
  3.8322981e+002  1.2826773e-004
  3.8385093e+002  1.2758217e-004
  3.8447205e+002  1.2789660e-004
  3.8509317e+002  1.2902703e-004
  3.8571429e+002  1.2999354e-004
  3.8633540e+002  1.3047017e-004
  3.8695652e+002  1.3026637e-004
  3.8757764e+002  1.2968093e-004
  3.8819876e+002  1.2905155e-004
  3.8881988e+002  1.2859778e-004
  3.8944099e+002  1.2893966e-004
  3.9006211e+002  1.2860177e-004
  3.9068323e+002  1.2772140e-004
  3.9130435e+002  1.2734039e-004
  3.9192547e+002  1.2749619e-004
  3.9254658e+002  1.2835518e-004
  3.9316770e+002  1.2968073e-004
  3.9378882e+002  1.3061147e-004
  3.9440994e+002  1.3041421e-004
  3.9503106e+002  1.2975546e-004
  3.9565217e+002  1.2978740e-004
  3.9627329e+002  1.3004698e-004
  3.9689441e+002  1.3015567e-004
  3.9751553e+002  1.3052355e-004
  3.9813665e+002  1.3028807e-004
  3.9875776e+002  1.2975102e-004
  3.9937888e+002  1.2915776e-004
  4.0000000e+002  1.2936358e-004
  4.0000000e+002  1.2936358e-004
  4.0088496e+002  1.2951586e-004
  4.0176991e+002  1.2924039e-004
  4.0265487e+002  1.2797213e-004
  4.0353982e+002  1.2668372e-004
  4.0442478e+002  1.2581007e-004
  4.0530973e+002  1.2581879e-004
  4.0619469e+002  1.2529469e-004
  4.0707965e+002  1.2599300e-004
  4.0796460e+002  1.2655008e-004
  4.0884956e+002  1.2605448e-004
  4.0973451e+002  1.2565995e-004
  4.1061947e+002  1.2567007e-004
  4.1150442e+002  1.2656227e-004
  4.1238938e+002  1.2673187e-004
  4.1327434e+002  1.2723492e-004
  4.1415929e+002  1.2831355e-004
  4.1504425e+002  1.2781687e-004
  4.1592920e+002  1.2823647e-004
  4.1681416e+002  1.2839373e-004
  4.1769912e+002  1.2866378e-004
  4.1858407e+002  1.2913820e-004
  4.1946903e+002  1.2828143e-004
  4.2035398e+002  1.2815676e-004
  4.2123894e+002  1.2788024e-004
  4.2212389e+002  1.2715497e-004
  4.2300885e+002  1.2631804e-004
  4.2389381e+002  1.2536632e-004
  4.2477876e+002  1.2512288e-004
  4.2566372e+002  1.2502342e-004
  4.2654867e+002  1.2464900e-004
  4.2743363e+002  1.2534205e-004
  4.2831858e+002  1.2571240e-004
  4.2920354e+002  1.2603964e-004
  4.3008850e+002  1.2577002e-004
  4.3097345e+002  1.2579624e-004
  4.3185841e+002  1.2483605e-004
  4.3274336e+002  1.2349826e-004
  4.3362832e+002  1.2298922e-004
  4.3451327e+002  1.2376474e-004
  4.3539823e+002  1.2470368e-004
  4.3628319e+002  1.2505080e-004
  4.3716814e+002  1.2441713e-004
  4.3805310e+002  1.2421872e-004
  4.3893805e+002  1.2386278e-004
  4.3982301e+002  1.2366579e-004
  4.4070796e+002  1.2382886e-004
  4.4159292e+002  1.2401939e-004
  4.4247788e+002  1.2366841e-004
  4.4336283e+002  1.2348835e-004
  4.4424779e+002  1.2282574e-004
  4.4513274e+002  1.2204544e-004
  4.4601770e+002  1.2164217e-004
  4.4690265e+002  1.2207922e-004
  4.4778761e+002  1.2229243e-004
  4.4867257e+002  1.2213870e-004
  4.4955752e+002  1.2235442e-004
  4.5044248e+002  1.2285233e-004
  4.5132743e+002  1.2340946e-004
  4.5221239e+002  1.2452291e-004
  4.5309735e+002  1.2581877e-004
  4.5398230e+002  1.2580184e-004
  4.5486726e+002  1.2433818e-004
  4.5575221e+002  1.2261462e-004
  4.5663717e+002  1.2188195e-004
  4.5752212e+002  1.2187926e-004
  4.5840708e+002  1.2215965e-004
  4.5929204e+002  1.2230744e-004
  4.6017699e+002  1.2228042e-004
  4.6106195e+002  1.2183107e-004
  4.6194690e+002  1.2153165e-004
  4.6283186e+002  1.2160352e-004
  4.6371681e+002  1.2184217e-004
  4.6460177e+002  1.2206695e-004
  4.6548673e+002  1.2252879e-004
  4.6637168e+002  1.2254446e-004
  4.6725664e+002  1.2223420e-004
  4.6814159e+002  1.2249030e-004
  4.6902655e+002  1.2317312e-004
  4.6991150e+002  1.2392658e-004
  4.7079646e+002  1.2378497e-004
  4.7168142e+002  1.2311912e-004
  4.7256637e+002  1.2264228e-004
  4.7345133e+002  1.2276368e-004
  4.7433628e+002  1.2356343e-004
  4.7522124e+002  1.2469452e-004
  4.7610619e+002  1.2524372e-004
  4.7699115e+002  1.2476321e-004
  4.7787611e+002  1.2355596e-004
  4.7876106e+002  1.2251528e-004
  4.7964602e+002  1.2224389e-004
  4.8053097e+002  1.2230156e-004
  4.8141593e+002  1.2257752e-004
  4.8230088e+002  1.2330756e-004
  4.8318584e+002  1.2355054e-004
  4.8407080e+002  1.2314486e-004
  4.8495575e+002  1.2253266e-004
  4.8584071e+002  1.2156947e-004
  4.8672566e+002  1.2053814e-004
  4.8761062e+002  1.1962029e-004
  4.8849558e+002  1.1993211e-004
  4.8938053e+002  1.2096667e-004
  4.9026549e+002  1.2164743e-004
  4.9115044e+002  1.2214171e-004
  4.9203540e+002  1.2262775e-004
  4.9292035e+002  1.2259065e-004
  4.9380531e+002  1.2194049e-004
  4.9469027e+002  1.2131122e-004
  4.9557522e+002  1.2073224e-004
  4.9646018e+002  1.2031976e-004
  4.9734513e+002  1.2046030e-004
  4.9823009e+002  1.2116762e-004
  4.9911504e+002  1.2197028e-004
  5.0000000e+002  1.2134524e-004
  5.0000000e+002  1.2134524e-004
  5.0106383e+002  1.2046684e-004
  5.0212766e+002  1.1990661e-004
  5.0319149e+002  1.1990204e-004
  5.0425532e+002  1.2126763e-004
  5.0531915e+002  1.2270552e-004
  5.0638298e+002  1.2355755e-004
  5.0744681e+002  1.2360271e-004
  5.0851064e+002  1.2278134e-004
  5.0957447e+002  1.2199672e-004
  5.1063830e+002  1.2175631e-004
  5.1170213e+002  1.2235022e-004
  5.1276596e+002  1.2277051e-004
  5.1382979e+002  1.2298809e-004
  5.1489362e+002  1.2342356e-004
  5.1595745e+002  1.2393120e-004
  5.1702128e+002  1.2446413e-004
  5.1808511e+002  1.2513045e-004
  5.1914894e+002  1.2605019e-004
  5.2021277e+002  1.2543024e-004
  5.2127660e+002  1.2412611e-004
  5.2234043e+002  1.2439107e-004
  5.2340426e+002  1.2565423e-004
  5.2446809e+002  1.2698048e-004
  5.2553191e+002  1.2691923e-004
  5.2659574e+002  1.2626863e-004
  5.2765957e+002  1.2592945e-004
  5.2872340e+002  1.2582102e-004
  5.2978723e+002  1.2652691e-004
  5.3085106e+002  1.2693648e-004
  5.3191489e+002  1.2758812e-004
  5.3297872e+002  1.2768727e-004
  5.3404255e+002  1.2706977e-004
  5.3510638e+002  1.2688095e-004
  5.3617021e+002  1.2716447e-004
  5.3723404e+002  1.2757644e-004
  5.3829787e+002  1.2856450e-004
  5.3936170e+002  1.2973166e-004
  5.4042553e+002  1.3107717e-004
  5.4148936e+002  1.3071695e-004
  5.4255319e+002  1.2944022e-004
  5.4361702e+002  1.2823128e-004
  5.4468085e+002  1.2836684e-004
  5.4574468e+002  1.2977549e-004
  5.4680851e+002  1.3083157e-004
  5.4787234e+002  1.3094318e-004
  5.4893617e+002  1.2977602e-004
  5.5000000e+002  1.2791133e-004
  5.5106383e+002  1.2598323e-004
  5.5212766e+002  1.2573438e-004
  5.5319149e+002  1.2678847e-004
  5.5425532e+002  1.2794070e-004
  5.5531915e+002  1.2880647e-004
  5.5638298e+002  1.2978185e-004
  5.5744681e+002  1.3048215e-004
  5.5851064e+002  1.3099231e-004
  5.5957447e+002  1.3152506e-004
  5.6063830e+002  1.3214461e-004
  5.6170213e+002  1.3224784e-004
  5.6276596e+002  1.3240676e-004
  5.6382979e+002  1.3204033e-004
  5.6489362e+002  1.3199591e-004
  5.6595745e+002  1.3232840e-004
  5.6702128e+002  1.3273630e-004
  5.6808511e+002  1.3354514e-004
  5.6914894e+002  1.3369871e-004
  5.7021277e+002  1.3338415e-004
  5.7127660e+002  1.3407290e-004
  5.7234043e+002  1.3358334e-004
  5.7340426e+002  1.3318714e-004
  5.7446809e+002  1.3329176e-004
  5.7553191e+002  1.3389849e-004
  5.7659574e+002  1.3384379e-004
  5.7765957e+002  1.3427624e-004
  5.7872340e+002  1.3553146e-004
  5.7978723e+002  1.3614154e-004
  5.8085106e+002  1.3542105e-004
  5.8191489e+002  1.3430495e-004
  5.8297872e+002  1.3391918e-004
  5.8404255e+002  1.3438914e-004
  5.8510638e+002  1.3527561e-004
  5.8617021e+002  1.3685839e-004
  5.8723404e+002  1.3769045e-004
  5.8829787e+002  1.3689959e-004
  5.8936170e+002  1.3641093e-004
  5.9042553e+002  1.3526860e-004
  5.9148936e+002  1.3503624e-004
  5.9255319e+002  1.3492291e-004
  5.9361702e+002  1.3421829e-004
  5.9468085e+002  1.3297905e-004
  5.9574468e+002  1.3237596e-004
  5.9680851e+002  1.3236133e-004
  5.9787234e+002  1.3277101e-004
  5.9893617e+002  1.3412754e-004
  6.0000000e+002  1.3620414e-004
  6.0000000e+002  1.3620414e-004
  6.0277778e+002  1.3782065e-004
  6.0555556e+002  1.3887196e-004
  6.0833333e+002  1.3783269e-004
  6.1111111e+002  1.3727071e-004
  6.1388889e+002  1.3687296e-004
  6.1666667e+002  1.3744693e-004
  6.1944444e+002  1.3762662e-004
  6.2222222e+002  1.3730381e-004
  6.2500000e+002  1.3703330e-004
  6.2777778e+002  1.3508839e-004
  6.3055556e+002  1.3353414e-004
  6.3333333e+002  1.3574966e-004
  6.3611111e+002  1.3911988e-004
  6.3888889e+002  1.4202169e-004
  6.4166667e+002  1.4306294e-004
  6.4444444e+002  1.4326129e-004
  6.4722222e+002  1.4229481e-004
  6.5000000e+002  1.4017089e-004
  6.5277778e+002  1.3964589e-004
  6.5555556e+002  1.4037679e-004
  6.5833333e+002  1.4152904e-004
  6.6111111e+002  1.4328841e-004
  6.6388889e+002  1.4442317e-004
  6.6666667e+002  1.4511679e-004
  6.6944444e+002  1.4525752e-004
  6.7222222e+002  1.4461466e-004
  6.7500000e+002  1.4430879e-004
  6.7777778e+002  1.4324619e-004
  6.8055556e+002  1.4278791e-004
  6.8333333e+002  1.4317752e-004
  6.8611111e+002  1.4334128e-004
  6.8888889e+002  1.4434738e-004
  6.9166667e+002  1.4537991e-004
  6.9444444e+002  1.4666421e-004
  6.9722222e+002  1.4689296e-004
  7.0000000e+002  1.4602771e-004
  7.0277778e+002  1.4575061e-004
  7.0555556e+002  1.4557114e-004
  7.0833333e+002  1.4573835e-004
  7.1111111e+002  1.4680929e-004
  7.1388889e+002  1.4812480e-004
  7.1666667e+002  1.4899583e-004
  7.1944444e+002  1.4852948e-004
  7.2222222e+002  1.4731869e-004
  7.2500000e+002  1.4634264e-004
  7.2777778e+002  1.4655923e-004
  7.3055556e+002  1.4701769e-004
  7.3333333e+002  1.4772467e-004
  7.3611111e+002  1.4885024e-004
  7.3888889e+002  1.4955788e-004
  7.4166667e+002  1.4987683e-004
  7.4444444e+002  1.5039941e-004
  7.4722222e+002  1.5131429e-004
  7.5000000e+002  1.5195255e-004
  7.5277778e+002  1.5169146e-004
  7.5555556e+002  1.5191890e-004
  7.5833333e+002  1.5218802e-004
  7.6111111e+002  1.5235544e-004
  7.6388889e+002  1.5318416e-004
  7.6666667e+002  1.5434123e-004
  7.6944444e+002  1.5539372e-004
  7.7222222e+002  1.5686512e-004
  7.7500000e+002  1.5869816e-004
  7.7777778e+002  1.5956375e-004
  7.8055556e+002  1.6007557e-004
  7.8333333e+002  1.6112252e-004
  7.8611111e+002  1.6192167e-004
  7.8888889e+002  1.6244910e-004
  7.9166667e+002  1.6244794e-004
  7.9444444e+002  1.6255641e-004
  7.9722222e+002  1.6228555e-004
  8.0000000e+002  1.6163048e-004
  8.0277778e+002  1.6236558e-004
  8.0555556e+002  1.6422684e-004
  8.0833333e+002  1.6681690e-004
  8.1111111e+002  1.6909590e-004
  8.1388889e+002  1.6993003e-004
  8.1666667e+002  1.7037277e-004
  8.1944444e+002  1.7041285e-004
  8.2222222e+002  1.7049679e-004
  8.2500000e+002  1.7114805e-004
  8.2777778e+002  1.7230919e-004
  8.3055556e+002  1.7364048e-004
  8.3333333e+002  1.7400544e-004
  8.3611111e+002  1.7402117e-004
  8.3888889e+002  1.7440452e-004
  8.4166667e+002  1.7414708e-004
  8.4444444e+002  1.7371999e-004
  8.4722222e+002  1.7397678e-004
  8.5000000e+002  1.7557561e-004
  8.5277778e+002  1.7760781e-004
  8.5555556e+002  1.8011449e-004
  8.5833333e+002  1.8307541e-004
  8.6111111e+002  1.8514771e-004
  8.6388889e+002  1.8432618e-004
  8.6666667e+002  1.8148072e-004
  8.6944444e+002  1.7901547e-004
  8.7222222e+002  1.7870915e-004
  8.7500000e+002  1.8015690e-004
  8.7777778e+002  1.8288125e-004
  8.8055556e+002  1.8676858e-004
  8.8333333e+002  1.8970548e-004
  8.8611111e+002  1.9055567e-004
  8.8888889e+002  1.9011351e-004
  8.9166667e+002  1.8854848e-004
  8.9444444e+002  1.8824183e-004
  8.9722222e+002  1.8935659e-004
  9.0000000e+002  1.9014018e-004
  9.0277778e+002  1.9203257e-004
  9.0555556e+002  1.9473920e-004
  9.0833333e+002  1.9625802e-004
  9.1111111e+002  1.9714896e-004
  9.1388889e+002  1.9774188e-004
  9.1666667e+002  1.9786546e-004
  9.1944444e+002  1.9818586e-004
  9.2222222e+002  1.9858097e-004
  9.2500000e+002  1.9997288e-004
  9.2777778e+002  2.0069949e-004
  9.3055556e+002  1.9972786e-004
  9.3333333e+002  2.0007178e-004
  9.3611111e+002  2.0149418e-004
  9.3888889e+002  2.0201470e-004
  9.4166667e+002  2.0376114e-004
  9.4444444e+002  2.0598104e-004
  9.4722222e+002  2.0640664e-004
  9.5000000e+002  2.0670649e-004
  9.5277778e+002  2.0764117e-004
  9.5555556e+002  2.0897427e-004
  9.5833333e+002  2.1069089e-004
  9.6111111e+002  2.1260498e-004
  9.6388889e+002  2.1472301e-004
  9.6666667e+002  2.1558430e-004
  9.6944444e+002  2.1553509e-004
  9.7222222e+002  2.1558877e-004
  9.7500000e+002  2.1607268e-004
  9.7777778e+002  2.1632382e-004
  9.8055556e+002  2.1723631e-004
  9.8333333e+002  2.1899301e-004
  9.8611111e+002  2.1976832e-004
  9.8888889e+002  2.2201043e-004
  9.9166667e+002  2.2547266e-004
  9.9444444e+002  2.2735643e-004
  9.9722222e+002  2.2843507e-004
  1.0000000e+003  2.2712434e-004
  1.0000000e+003  2.2712434e-004
  1.0077519e+003  2.2632914e-004
  1.0155039e+003  2.2706287e-004
  1.0232558e+003  2.2969678e-004
  1.0310078e+003  2.3475253e-004
  1.0387597e+003  2.3879541e-004
  1.0465116e+003  2.3941136e-004
  1.0542636e+003  2.3974534e-004
  1.0620155e+003  2.3872269e-004
  1.0697674e+003  2.3802988e-004
  1.0775194e+003  2.3936596e-004
  1.0852713e+003  2.4084402e-004
  1.0930233e+003  2.4080774e-004
  1.1007752e+003  2.4077627e-004
  1.1085271e+003  2.4128751e-004
  1.1162791e+003  2.4406703e-004
  1.1240310e+003  2.4469258e-004
  1.1317829e+003  2.4493180e-004
  1.1395349e+003  2.4655614e-004
  1.1472868e+003  2.4704055e-004
  1.1550388e+003  2.4577851e-004
  1.1627907e+003  2.4836537e-004
  1.1705426e+003  2.5205986e-004
  1.1782946e+003  2.5565942e-004
  1.1860465e+003  2.5696552e-004
  1.1937984e+003  2.5645991e-004
  1.2015504e+003  2.5508241e-004
  1.2093023e+003  2.5408842e-004
  1.2170543e+003  2.5421648e-004
  1.2248062e+003  2.5711379e-004
  1.2325581e+003  2.5943889e-004
  1.2403101e+003  2.5945182e-004
  1.2480620e+003  2.5793201e-004
  1.2558140e+003  2.5767324e-004
  1.2635659e+003  2.5991883e-004
  1.2713178e+003  2.6093319e-004
  1.2790698e+003  2.5875917e-004
  1.2868217e+003  2.5765270e-004
  1.2945736e+003  2.5777976e-004
  1.3023256e+003  2.5956679e-004
  1.3100775e+003  2.6255273e-004
  1.3178295e+003  2.6524776e-004
  1.3255814e+003  2.6533822e-004
  1.3333333e+003  2.6174959e-004
  1.3410853e+003  2.5828156e-004
  1.3488372e+003  2.5803240e-004
  1.3565891e+003  2.5918410e-004
  1.3643411e+003  2.6208655e-004
  1.3720930e+003  2.6348559e-004
  1.3798450e+003  2.6495669e-004
  1.3875969e+003  2.6624407e-004
  1.3953488e+003  2.6679557e-004
  1.4031008e+003  2.6688652e-004
  1.4108527e+003  2.6841345e-004
  1.4186047e+003  2.7076837e-004
  1.4263566e+003  2.7275900e-004
  1.4341085e+003  2.7200208e-004
  1.4418605e+003  2.6905292e-004
  1.4496124e+003  2.6554977e-004
  1.4573643e+003  2.6355517e-004
  1.4651163e+003  2.6324769e-004
  1.4728682e+003  2.6411727e-004
  1.4806202e+003  2.6340690e-004
  1.4883721e+003  2.6247669e-004
  1.4961240e+003  2.6091381e-004
  1.5038760e+003  2.5975747e-004
  1.5116279e+003  2.6119477e-004
  1.5193798e+003  2.6193049e-004
  1.5271318e+003  2.6216855e-004
  1.5348837e+003  2.6189786e-004
  1.5426357e+003  2.6219804e-004
  1.5503876e+003  2.6475789e-004
  1.5581395e+003  2.6580042e-004
  1.5658915e+003  2.6453540e-004
  1.5736434e+003  2.6187036e-004
  1.5813953e+003  2.5835097e-004
  1.5891473e+003  2.5572154e-004
  1.5968992e+003  2.5342924e-004
  1.6046512e+003  2.5398505e-004
  1.6124031e+003  2.5741447e-004
  1.6201550e+003  2.6075179e-004
  1.6279070e+003  2.6306911e-004
  1.6356589e+003  2.6520104e-004
  1.6434109e+003  2.6648031e-004
  1.6511628e+003  2.6573018e-004
  1.6589147e+003  2.6267085e-004
  1.6666667e+003  2.5827030e-004
  1.6744186e+003  2.5415899e-004
  1.6821705e+003  2.4991450e-004
  1.6899225e+003  2.4765434e-004
  1.6976744e+003  2.4869902e-004
  1.7054264e+003  2.5176779e-004
  1.7131783e+003  2.5521328e-004
  1.7209302e+003  2.5706194e-004
  1.7286822e+003  2.5782234e-004
  1.7364341e+003  2.5690340e-004
  1.7441860e+003  2.5262262e-004
  1.7519380e+003  2.4709240e-004
  1.7596899e+003  2.4385332e-004
  1.7674419e+003  2.4467237e-004
  1.7751938e+003  2.4786473e-004
  1.7829457e+003  2.5055065e-004
  1.7906977e+003  2.5096017e-004
  1.7984496e+003  2.4882310e-004
  1.8062016e+003  2.4587211e-004
  1.8139535e+003  2.4503551e-004
  1.8217054e+003  2.4670176e-004
  1.8294574e+003  2.4802542e-004
  1.8372093e+003  2.4677432e-004
  1.8449612e+003  2.4315670e-004
  1.8527132e+003  2.4054831e-004
  1.8604651e+003  2.4016695e-004
  1.8682171e+003  2.3965538e-004
  1.8759690e+003  2.3890227e-004
  1.8837209e+003  2.3910968e-004
  1.8914729e+003  2.4057200e-004
  1.8992248e+003  2.4189301e-004
  1.9069767e+003  2.4341879e-004
  1.9147287e+003  2.4390468e-004
  1.9224806e+003  2.4248609e-004
  1.9302326e+003  2.3947862e-004
  1.9379845e+003  2.3632734e-004
  1.9457364e+003  2.3365467e-004
  1.9534884e+003  2.3157227e-004
  1.9612403e+003  2.2984604e-004
  1.9689922e+003  2.2755722e-004
  1.9767442e+003  2.2431218e-004
  1.9844961e+003  2.2327313e-004
  1.9922481e+003  2.2188386e-004
  2.0000000e+003  2.2095680e-004
  2.0000000e+003  2.2095680e-004
  2.0355085e+003  2.2178794e-004
  2.0710169e+003  2.2358690e-004
  2.1065254e+003  2.2486086e-004
  2.1420339e+003  2.2328555e-004
  2.1775424e+003  2.2240355e-004
  2.2130508e+003  2.2257800e-004
  2.2485593e+003  2.2182605e-004
  2.2840678e+003  2.1999744e-004
  2.3195763e+003  2.1753218e-004
  2.3550847e+003  2.1430669e-004
  2.3905932e+003  2.1119932e-004
  2.4261017e+003  2.0770180e-004
  2.4616102e+003  2.0715379e-004
  2.4971186e+003  2.0945089e-004
  2.5326271e+003  2.1157753e-004
  2.5681356e+003  2.1148095e-004
  2.6036441e+003  2.1023912e-004
  2.6391525e+003  2.0505216e-004
  2.6746610e+003  1.9896879e-004
  2.7101695e+003  1.9457138e-004
  2.7456780e+003  1.9400995e-004
  2.7811864e+003  1.9503342e-004
  2.8166949e+003  1.9561723e-004
  2.8522034e+003  1.9550043e-004
  2.8877119e+003  1.9416650e-004
  2.9232203e+003  1.9108812e-004
  2.9587288e+003  1.8886125e-004
  2.9942373e+003  1.8755316e-004
  3.0297458e+003  1.8422894e-004
  3.0652542e+003  1.8053809e-004
  3.1007627e+003  1.7930637e-004
  3.1362712e+003  1.7850456e-004
  3.1717797e+003  1.7677833e-004
  3.2072881e+003  1.7545020e-004
  3.2427966e+003  1.7423637e-004
  3.2783051e+003  1.7347514e-004
  3.3138136e+003  1.7194076e-004
  3.3493220e+003  1.7215595e-004
  3.3848305e+003  1.7218958e-004
  3.4203390e+003  1.7062967e-004
  3.4558475e+003  1.6849790e-004
  3.4913559e+003  1.6895314e-004
  3.5268644e+003  1.6999448e-004
  3.5623729e+003  1.6969835e-004
  3.5978814e+003  1.6722668e-004
  3.6333898e+003  1.6257061e-004
  3.6688983e+003  1.5673916e-004
  3.7044068e+003  1.5145007e-004
  3.7399153e+003  1.4604524e-004
  3.7754237e+003  1.4304306e-004
  3.8109322e+003  1.4134913e-004
  3.8464407e+003  1.4137873e-004
  3.8819492e+003  1.3913500e-004
  3.9174576e+003  1.3518068e-004
  3.9529661e+003  1.3320869e-004
  3.9884746e+003  1.3185029e-004
  4.0239831e+003  1.3069997e-004
  4.0594915e+003  1.3196203e-004
  4.0950000e+003  1.3050702e-004
  4.1305085e+003  1.2615867e-004
  4.1660169e+003  1.1958661e-004
  4.2015254e+003  1.1850474e-004
  4.2370339e+003  1.2083558e-004
  4.2725424e+003  1.2288652e-004
  4.3080508e+003  1.2288261e-004
  4.3435593e+003  1.2009951e-004
  4.3790678e+003  1.1679173e-004
  4.4145763e+003  1.1513363e-004
  4.4500847e+003  1.1520947e-004
  4.4855932e+003  1.1542310e-004
  4.5211017e+003  1.1324344e-004
  4.5566102e+003  1.0814145e-004
  4.5921186e+003  1.0259566e-004
  4.6276271e+003  1.0176714e-004
  4.6631356e+003  1.0283047e-004
  4.6986441e+003  1.0087207e-004
  4.7341525e+003  9.9280692e-005
  4.7696610e+003  9.7150724e-005
  4.8051695e+003  9.4812085e-005
  4.8406780e+003  9.2223541e-005
  4.8761864e+003  9.1597875e-005
  4.9116949e+003  9.1141618e-005
  4.9472034e+003  8.8972918e-005
  4.9827119e+003  8.7243345e-005
  5.0182203e+003  8.7074019e-005
  5.0537288e+003  8.6202888e-005
  5.0892373e+003  8.4117086e-005
  5.1247458e+003  8.4387186e-005
  5.1602542e+003  8.5385846e-005
  5.1957627e+003  8.3359799e-005
  5.2312712e+003  8.2162110e-005
  5.2667797e+003  7.9876135e-005
  5.3022881e+003  7.6607422e-005
  5.3377966e+003  7.3290913e-005
  5.3733051e+003  7.1676825e-005
  5.4088136e+003  7.2692980e-005
  5.4443220e+003  7.2343659e-005
  5.4798305e+003  7.1476239e-005
  5.5153390e+003  7.1518814e-005
  5.5508475e+003  6.9486042e-005
  5.5863559e+003  6.6984919e-005
  5.6218644e+003  6.5136565e-005
  5.6573729e+003  6.3914821e-005
  5.6928814e+003  6.1785085e-005
  5.7283898e+003  5.9528632e-005
  5.7638983e+003  5.8364324e-005
  5.7994068e+003  5.6382560e-005
  5.8349153e+003  5.4383748e-005
  5.8704237e+003  5.3266390e-005
  5.9059322e+003  5.2160627e-005
  5.9414407e+003  5.0722409e-005
  5.9769492e+003  4.9788474e-005
  6.0124576e+003  4.9461634e-005
  6.0479661e+003  4.8754329e-005
  6.0834746e+003  4.7560847e-005
  6.1189831e+003  4.7158448e-005
  6.1544915e+003  4.6460751e-005
  6.1900000e+003  4.4748871e-005
  6.2255085e+003  4.3602090e-005
  6.2610169e+003  4.3133938e-005
  6.2965254e+003  4.2376171e-005
  6.3320339e+003  4.1011359e-005
  6.3675424e+003  4.0018613e-005
  6.4030508e+003  3.9165374e-005
  6.4385593e+003  3.8322538e-005
  6.4740678e+003  3.7519312e-005
  6.5095763e+003  3.7684232e-005
  6.5450847e+003  3.8222708e-005
  6.5805932e+003  3.7427882e-005
  6.6161017e+003  3.5628780e-005
  6.6516102e+003  3.4523581e-005
  6.6871186e+003  3.3654338e-005
  6.7226271e+003  3.2256525e-005
  6.7581356e+003  3.0688989e-005
  6.7936441e+003  2.9776491e-005
  6.8291525e+003  2.8877346e-005
  6.8646610e+003  2.8211805e-005
  6.9001695e+003  2.8794381e-005
  6.9356780e+003  2.9762410e-005
  6.9711864e+003  2.9225888e-005
  7.0066949e+003  2.6900535e-005
  7.0422034e+003  2.4787913e-005
  7.0777119e+003  2.3917212e-005
  7.1132203e+003  2.3587291e-005
  7.1487288e+003  2.3213684e-005
  7.1842373e+003  2.2675174e-005
  7.2197458e+003  2.2081018e-005
  7.2552542e+003  2.1542440e-005
  7.2907627e+003  2.1582102e-005
  7.3262712e+003  2.2179141e-005
  7.3617797e+003  2.2168853e-005
  7.3972881e+003  2.1003740e-005
  7.4327966e+003  1.9335151e-005
  7.4683051e+003  1.8153695e-005
  7.5038136e+003  1.7528687e-005
  7.5393220e+003  1.7435822e-005
  7.5748305e+003  1.8682663e-005
  7.6103390e+003  2.0060526e-005
  7.6458475e+003  2.0094330e-005
  7.6813559e+003  1.8918919e-005
  7.7168644e+003  1.6508635e-005
  7.7523729e+003  1.3923089e-005
  7.7878814e+003  1.2760242e-005
  7.8233898e+003  1.4139488e-005
  7.8588983e+003  1.6705733e-005
  7.8944068e+003  1.8390202e-005
  7.9299153e+003  1.9611898e-005
  7.9654237e+003  2.0129116e-005
  8.0009322e+003  1.9142894e-005
  8.0364407e+003  1.7085923e-005
  8.0719492e+003  1.4918121e-005
  8.1074576e+003  1.3244028e-005
  8.1429661e+003  1.1692761e-005
  8.1784746e+003  1.0981109e-005
  8.2139831e+003  1.1398917e-005
  8.2494915e+003  1.1402366e-005
  8.2850000e+003  1.1302094e-005
  8.3205085e+003  1.1579869e-005
  8.3560169e+003  1.2390369e-005
  8.3915254e+003  1.3223313e-005
  8.4270339e+003  1.3962348e-005
  8.4625424e+003  1.4305325e-005
  8.4980508e+003  1.3888438e-005
  8.5335593e+003  1.2914118e-005
  8.5690678e+003  1.2437096e-005
  8.6045763e+003  1.2315980e-005
  8.6400847e+003  1.2716110e-005
  8.6755932e+003  1.3550779e-005
  8.7111017e+003  1.3594990e-005
  8.7466102e+003  1.3217922e-005
  8.7821186e+003  1.2998499e-005
  8.8176271e+003  1.2543138e-005
  8.8531356e+003  1.1627524e-005
  8.8886441e+003  1.1038157e-005
  8.9241525e+003  1.0367525e-005
  8.9596610e+003  9.0060193e-006
  8.9951695e+003  7.6376056e-006
