  4.5416667e+001  3.1181300e-005
  4.5833333e+001  3.0729392e-005
  4.6250000e+001  3.0721537e-005
  4.6666667e+001  3.0890617e-005
  4.7083333e+001  3.0788958e-005
  4.7500000e+001  3.0415717e-005
  4.7916667e+001  2.9415332e-005
  4.8333333e+001  2.8758922e-005
  4.8750000e+001  2.8296474e-005
  4.9166667e+001  2.8210806e-005
  4.9583333e+001  2.8005663e-005
  5.0000000e+001  2.7587171e-005
  5.0416667e+001  2.7757131e-005
  5.0833333e+001  2.8337272e-005
  5.1250000e+001  2.9029358e-005
  5.1666667e+001  2.9858949e-005
  5.2083333e+001  3.0271487e-005
  5.2500000e+001  3.0689995e-005
  5.2916667e+001  2.9875562e-005
  5.3333333e+001  2.9219052e-005
  5.3750000e+001  2.9383901e-005
  5.4166667e+001  2.8880803e-005
  5.4583333e+001  2.8906634e-005
  5.5000000e+001  2.8964841e-005
  5.5416667e+001  2.9290341e-005
  5.5833333e+001  2.9457797e-005
  5.6250000e+001  3.0310932e-005
  5.6666667e+001  3.0652519e-005
  5.7083333e+001  3.1218580e-005
  5.7500000e+001  3.1279679e-005
  5.7916667e+001  3.1194930e-005
  5.8333333e+001  3.0548068e-005
  5.8750000e+001  3.0821763e-005
  5.9166667e+001  3.0313798e-005
  5.9583333e+001  3.0862890e-005
  6.0000000e+001  3.0371861e-005
  6.0416667e+001  3.1206171e-005
  6.0833333e+001  3.1653323e-005
  6.1250000e+001  3.1700098e-005
  6.1666667e+001  3.1842831e-005
  6.2083333e+001  3.1933801e-005
  6.2500000e+001  3.1234513e-005
  6.2916667e+001  3.1344695e-005
  6.3333333e+001  3.2062777e-005
  6.3750000e+001  3.2889104e-005
  6.4166667e+001  3.3214239e-005
  6.4583333e+001  3.3257627e-005
  6.5000000e+001  3.3564811e-005
  6.5416667e+001  3.3329973e-005
  6.5833333e+001  3.3264256e-005
  6.6250000e+001  3.3257547e-005
  6.6666667e+001  3.4002177e-005
  6.7083333e+001  3.3758634e-005
  6.7500000e+001  3.3929008e-005
  6.7916667e+001  3.4021560e-005
  6.8333333e+001  3.4352766e-005
  6.8750000e+001  3.4390486e-005
  6.9166667e+001  3.4633466e-005
  6.9583333e+001  3.4828313e-005
  7.0000000e+001  3.5272828e-005
  7.0416667e+001  3.5769403e-005
  7.0833333e+001  3.5844196e-005
  7.1250000e+001  3.6400082e-005
  7.1666667e+001  3.6846937e-005
  7.2083333e+001  3.7413911e-005
  7.2500000e+001  3.7190011e-005
  7.2916667e+001  3.7170368e-005
  7.3333333e+001  3.7413056e-005
  7.3750000e+001  3.7339660e-005
  7.4166667e+001  3.7492541e-005
  7.4583333e+001  3.8236220e-005
  7.5000000e+001  3.8976248e-005
  7.5416667e+001  3.9809443e-005
  7.5833333e+001  4.0279678e-005
  7.6250000e+001  4.1197060e-005
  7.6666667e+001  4.1530962e-005
  7.7083333e+001  4.1689479e-005
  7.7500000e+001  4.2388295e-005
  7.7916667e+001  4.2497703e-005
  7.8333333e+001  4.2866778e-005
  7.8750000e+001  4.3231930e-005
  7.9166667e+001  4.3543907e-005
  7.9583333e+001  4.2724310e-005
  8.0000000e+001  4.2317972e-005
  8.0416667e+001  4.2755252e-005
  8.0833333e+001  4.3978858e-005
  8.1250000e+001  4.4762885e-005
  8.1666667e+001  4.5395522e-005
  8.2083333e+001  4.5765578e-005
  8.2500000e+001  4.5936388e-005
  8.2916667e+001  4.6292592e-005
  8.3333333e+001  4.7055522e-005
  8.3750000e+001  4.7607587e-005
  8.4166667e+001  4.7444494e-005
  8.4583333e+001  4.7260607e-005
  8.5000000e+001  4.7628700e-005
  8.5416667e+001  4.8598328e-005
  8.5833333e+001  4.9870624e-005
  8.6250000e+001  5.0307008e-005
  8.6666667e+001  5.0435958e-005
  8.7083333e+001  5.0605679e-005
  8.7500000e+001  5.1045927e-005
  8.7916667e+001  5.1456049e-005
  8.8333333e+001  5.1521235e-005
  8.8750000e+001  5.2012365e-005
  8.9166667e+001  5.3129976e-005
  8.9583333e+001  5.2970004e-005
  9.0000000e+001  5.3532763e-005
  9.0416667e+001  5.3483627e-005
  9.0833333e+001  5.4378802e-005
  9.1250000e+001  5.4979966e-005
  9.1666667e+001  5.6262166e-005
  9.2083333e+001  5.7662468e-005
  9.2500000e+001  5.7861120e-005
  9.2916667e+001  5.7459086e-005
  9.3333333e+001  5.7485522e-005
  9.3750000e+001  5.7181804e-005
  9.4166667e+001  5.7597462e-005
  9.4583333e+001  5.8215658e-005
  9.5000000e+001  5.8186467e-005
  9.5416667e+001  5.8639537e-005
  9.5833333e+001  5.9122233e-005
  9.6250000e+001  6.0166628e-005
  9.6666667e+001  6.1295888e-005
  9.7083333e+001  6.2421614e-005
  9.7500000e+001  6.3060811e-005
  9.7916667e+001  6.3614081e-005
  9.8333333e+001  6.3524730e-005
  9.8750000e+001  6.3692307e-005
  9.9166667e+001  6.3811826e-005
  9.9583333e+001  6.3745626e-005
  1.0000000e+002  6.4676430e-005
  1.0000000e+002  6.4676430e-005
  1.0053763e+002  6.5187638e-005
  1.0107527e+002  6.6355574e-005
  1.0161290e+002  6.7192877e-005
  1.0215054e+002  6.8332582e-005
  1.0268817e+002  6.9687595e-005
  1.0322581e+002  7.0461564e-005
  1.0376344e+002  7.0357220e-005
  1.0430108e+002  7.0582049e-005
  1.0483871e+002  7.0207513e-005
  1.0537634e+002  7.0935026e-005
  1.0591398e+002  7.1858410e-005
  1.0645161e+002  7.3140563e-005
  1.0698925e+002  7.3975955e-005
  1.0752688e+002  7.3939286e-005
  1.0806452e+002  7.4971112e-005
  1.0860215e+002  7.5175979e-005
  1.0913978e+002  7.5344491e-005
  1.0967742e+002  7.5647705e-005
  1.1021505e+002  7.6134717e-005
  1.1075269e+002  7.8365597e-005
  1.1129032e+002  8.1142188e-005
  1.1182796e+002  8.3106368e-005
  1.1236559e+002  8.3775160e-005
  1.1290323e+002  8.1525280e-005
  1.1344086e+002  8.0184034e-005
  1.1397849e+002  8.0067324e-005
  1.1451613e+002  8.1094050e-005
  1.1505376e+002  8.2423831e-005
  1.1559140e+002  8.2522390e-005
  1.1612903e+002  8.3009720e-005
  1.1666667e+002  8.3303116e-005
  1.1720430e+002  8.3922760e-005
  1.1774194e+002  8.5137157e-005
  1.1827957e+002  8.6786925e-005
  1.1881720e+002  8.7686802e-005
  1.1935484e+002  8.8045586e-005
  1.1989247e+002  8.8313771e-005
  1.2043011e+002  8.9636334e-005
  1.2096774e+002  9.0324869e-005
  1.2150538e+002  9.0735029e-005
  1.2204301e+002  9.1604973e-005
  1.2258065e+002  9.2472263e-005
  1.2311828e+002  9.2969730e-005
  1.2365591e+002  9.3758788e-005
  1.2419355e+002  9.4670979e-005
  1.2473118e+002  9.4831158e-005
  1.2526882e+002  9.5721483e-005
  1.2580645e+002  9.6303550e-005
  1.2634409e+002  9.6756435e-005
  1.2688172e+002  9.7415885e-005
  1.2741935e+002  9.8391607e-005
  1.2795699e+002  9.8934771e-005
  1.2849462e+002  9.9916330e-005
  1.2903226e+002  1.0005517e-004
  1.2956989e+002  1.0108275e-004
  1.3010753e+002  1.0117552e-004
  1.3064516e+002  1.0214981e-004
  1.3118280e+002  1.0339860e-004
  1.3172043e+002  1.0447888e-004
  1.3225806e+002  1.0526449e-004
  1.3279570e+002  1.0600408e-004
  1.3333333e+002  1.0616543e-004
  1.3387097e+002  1.0690513e-004
  1.3440860e+002  1.0803885e-004
  1.3494624e+002  1.0882886e-004
  1.3548387e+002  1.0946252e-004
  1.3602151e+002  1.1078349e-004
  1.3655914e+002  1.1095412e-004
  1.3709677e+002  1.1028995e-004
  1.3763441e+002  1.1005616e-004
  1.3817204e+002  1.1118818e-004
  1.3870968e+002  1.1376771e-004
  1.3924731e+002  1.1619167e-004
  1.3978495e+002  1.1839421e-004
  1.4032258e+002  1.1973731e-004
  1.4086022e+002  1.1844675e-004
  1.4139785e+002  1.1810151e-004
  1.4193548e+002  1.1771518e-004
  1.4247312e+002  1.1881976e-004
  1.4301075e+002  1.1866707e-004
  1.4354839e+002  1.1917451e-004
  1.4408602e+002  1.1989484e-004
  1.4462366e+002  1.2109093e-004
  1.4516129e+002  1.2262998e-004
  1.4569892e+002  1.2423973e-004
  1.4623656e+002  1.2484504e-004
  1.4677419e+002  1.2597160e-004
  1.4731183e+002  1.2535705e-004
  1.4784946e+002  1.2651286e-004
  1.4838710e+002  1.2651248e-004
  1.4892473e+002  1.2714322e-004
  1.4946237e+002  1.2779731e-004
  1.5000000e+002  1.2715681e-004
  1.5000000e+002  1.2715681e-004
  1.5053763e+002  1.2743205e-004
  1.5107527e+002  1.2798599e-004
  1.5161290e+002  1.2979615e-004
  1.5215054e+002  1.3195442e-004
  1.5268817e+002  1.3363221e-004
  1.5322581e+002  1.3458103e-004
  1.5376344e+002  1.3446532e-004
  1.5430108e+002  1.3316802e-004
  1.5483871e+002  1.3453554e-004
  1.5537634e+002  1.3639028e-004
  1.5591398e+002  1.3787016e-004
  1.5645161e+002  1.3921299e-004
  1.5698925e+002  1.4040107e-004
  1.5752688e+002  1.4149058e-004
  1.5806452e+002  1.4138857e-004
  1.5860215e+002  1.4192239e-004
  1.5913978e+002  1.4269914e-004
  1.5967742e+002  1.4326040e-004
  1.6021505e+002  1.4397892e-004
  1.6075269e+002  1.4487843e-004
  1.6129032e+002  1.4587474e-004
  1.6182796e+002  1.4648308e-004
  1.6236559e+002  1.4670292e-004
  1.6290323e+002  1.4767073e-004
  1.6344086e+002  1.4778123e-004
  1.6397849e+002  1.4843877e-004
  1.6451613e+002  1.5037148e-004
  1.6505376e+002  1.5172817e-004
  1.6559140e+002  1.5253304e-004
  1.6612903e+002  1.5203197e-004
  1.6666667e+002  1.5314229e-004
  1.6720430e+002  1.5416301e-004
  1.6774194e+002  1.5506008e-004
  1.6827957e+002  1.5660646e-004
  1.6881720e+002  1.5739716e-004
  1.6935484e+002  1.5746918e-004
  1.6989247e+002  1.5667906e-004
  1.7043011e+002  1.5799091e-004
  1.7096774e+002  1.6050802e-004
  1.7150538e+002  1.6174062e-004
  1.7204301e+002  1.6322187e-004
  1.7258065e+002  1.6352143e-004
  1.7311828e+002  1.6361425e-004
  1.7365591e+002  1.6351575e-004
  1.7419355e+002  1.6286415e-004
  1.7473118e+002  1.6316890e-004
  1.7526882e+002  1.6385659e-004
  1.7580645e+002  1.6450081e-004
  1.7634409e+002  1.6526986e-004
  1.7688172e+002  1.6582406e-004
  1.7741935e+002  1.6669342e-004
  1.7795699e+002  1.6726562e-004
  1.7849462e+002  1.6888917e-004
  1.7903226e+002  1.6955361e-004
  1.7956989e+002  1.7218302e-004
  1.8010753e+002  1.7295871e-004
  1.8064516e+002  1.7423621e-004
  1.8118280e+002  1.7567086e-004
  1.8172043e+002  1.7614721e-004
  1.8225806e+002  1.7657175e-004
  1.8279570e+002  1.7633493e-004
  1.8333333e+002  1.7598071e-004
  1.8387097e+002  1.7669414e-004
  1.8440860e+002  1.7636333e-004
  1.8494624e+002  1.7836875e-004
  1.8548387e+002  1.8030846e-004
  1.8602151e+002  1.8097258e-004
  1.8655914e+002  1.8131443e-004
  1.8709677e+002  1.8170676e-004
  1.8763441e+002  1.8279362e-004
  1.8817204e+002  1.8458908e-004
  1.8870968e+002  1.8589577e-004
  1.8924731e+002  1.8655809e-004
  1.8978495e+002  1.8632185e-004
  1.9032258e+002  1.8569340e-004
  1.9086022e+002  1.8702620e-004
  1.9139785e+002  1.8765094e-004
  1.9193548e+002  1.8888885e-004
  1.9247312e+002  1.9180933e-004
  1.9301075e+002  1.9469684e-004
  1.9354839e+002  1.9628287e-004
  1.9408602e+002  1.9601702e-004
  1.9462366e+002  1.9490877e-004
  1.9516129e+002  1.9468007e-004
  1.9569892e+002  1.9299533e-004
  1.9623656e+002  1.9271462e-004
  1.9677419e+002  1.9324536e-004
  1.9731183e+002  1.9235329e-004
  1.9784946e+002  1.9270565e-004
  1.9838710e+002  1.9360579e-004
  1.9892473e+002  1.9459080e-004
  1.9946237e+002  1.9747184e-004
  2.0000000e+002  1.9928742e-004
  2.0000000e+002  1.9928742e-004
  2.0054945e+002  2.0037693e-004
  2.0109890e+002  2.0146289e-004
  2.0164835e+002  2.0242359e-004
  2.0219780e+002  2.0305501e-004
  2.0274725e+002  2.0362095e-004
  2.0329670e+002  2.0448903e-004
  2.0384615e+002  2.0588728e-004
  2.0439560e+002  2.0541471e-004
  2.0494505e+002  2.0531079e-004
  2.0549451e+002  2.0621417e-004
  2.0604396e+002  2.0712121e-004
  2.0659341e+002  2.0806254e-004
  2.0714286e+002  2.0971379e-004
  2.0769231e+002  2.1066770e-004
  2.0824176e+002  2.0933028e-004
  2.0879121e+002  2.0763417e-004
  2.0934066e+002  2.0709897e-004
  2.0989011e+002  2.0653065e-004
  2.1043956e+002  2.0672708e-004
  2.1098901e+002  2.0837732e-004
  2.1153846e+002  2.0929270e-004
  2.1208791e+002  2.0944534e-004
  2.1263736e+002  2.1036756e-004
  2.1318681e+002  2.1290298e-004
  2.1373626e+002  2.1421690e-004
  2.1428571e+002  2.1609117e-004
  2.1483516e+002  2.1763155e-004
  2.1538462e+002  2.1775622e-004
  2.1593407e+002  2.1763038e-004
  2.1648352e+002  2.1783891e-004
  2.1703297e+002  2.1923939e-004
  2.1758242e+002  2.1926247e-004
  2.1813187e+002  2.1901870e-004
  2.1868132e+002  2.1939076e-004
  2.1923077e+002  2.1866730e-004
  2.1978022e+002  2.1843361e-004
  2.2032967e+002  2.1860600e-004
  2.2087912e+002  2.1802929e-004
  2.2142857e+002  2.1979359e-004
  2.2197802e+002  2.2109519e-004
  2.2252747e+002  2.2120543e-004
  2.2307692e+002  2.2159165e-004
  2.2362637e+002  2.2228554e-004
  2.2417582e+002  2.2406221e-004
  2.2472527e+002  2.2612617e-004
  2.2527473e+002  2.2710200e-004
  2.2582418e+002  2.2872879e-004
  2.2637363e+002  2.2814709e-004
  2.2692308e+002  2.2480876e-004
  2.2747253e+002  2.2333573e-004
  2.2802198e+002  2.2421830e-004
  2.2857143e+002  2.2694172e-004
  2.2912088e+002  2.2902903e-004
  2.2967033e+002  2.3057785e-004
  2.3021978e+002  2.3197105e-004
  2.3076923e+002  2.3084359e-004
  2.3131868e+002  2.2867454e-004
  2.3186813e+002  2.2806079e-004
  2.3241758e+002  2.2732364e-004
  2.3296703e+002  2.2771687e-004
  2.3351648e+002  2.2924127e-004
  2.3406593e+002  2.3005289e-004
  2.3461538e+002  2.3087406e-004
  2.3516484e+002  2.3249309e-004
  2.3571429e+002  2.3288351e-004
  2.3626374e+002  2.3457298e-004
  2.3681319e+002  2.3607360e-004
  2.3736264e+002  2.3636265e-004
  2.3791209e+002  2.3569879e-004
  2.3846154e+002  2.3561345e-004
  2.3901099e+002  2.3681559e-004
  2.3956044e+002  2.3842995e-004
  2.4010989e+002  2.3888379e-004
  2.4065934e+002  2.4150806e-004
  2.4120879e+002  2.4180485e-004
  2.4175824e+002  2.4091113e-004
  2.4230769e+002  2.3960746e-004
  2.4285714e+002  2.3925409e-004
  2.4340659e+002  2.3942802e-004
  2.4395604e+002  2.4012271e-004
  2.4450549e+002  2.4052050e-004
  2.4505495e+002  2.4269215e-004
  2.4560440e+002  2.4432313e-004
  2.4615385e+002  2.4375815e-004
  2.4670330e+002  2.4307535e-004
  2.4725275e+002  2.4367610e-004
  2.4780220e+002  2.4404799e-004
  2.4835165e+002  2.4474953e-004
  2.4890110e+002  2.4567175e-004
  2.4945055e+002  2.4827415e-004
  2.5000000e+002  2.4964093e-004
  2.5054945e+002  2.5031996e-004
  2.5109890e+002  2.5237304e-004
  2.5164835e+002  2.5384241e-004
  2.5219780e+002  2.5555969e-004
  2.5274725e+002  2.5787044e-004
  2.5329670e+002  2.5799735e-004
  2.5384615e+002  2.5859035e-004
  2.5439560e+002  2.5672515e-004
  2.5494505e+002  2.5511561e-004
  2.5549451e+002  2.5352869e-004
  2.5604396e+002  2.5295410e-004
  2.5659341e+002  2.5247935e-004
  2.5714286e+002  2.5175393e-004
  2.5769231e+002  2.4973731e-004
  2.5824176e+002  2.4802725e-004
  2.5879121e+002  2.4557749e-004
  2.5934066e+002  2.4539975e-004
  2.5989011e+002  2.4588840e-004
  2.6043956e+002  2.4587556e-004
  2.6098901e+002  2.4567170e-004
  2.6153846e+002  2.4500811e-004
  2.6208791e+002  2.4470707e-004
  2.6263736e+002  2.4459482e-004
  2.6318681e+002  2.4580295e-004
  2.6373626e+002  2.4865762e-004
  2.6428571e+002  2.5040440e-004
  2.6483516e+002  2.5037771e-004
  2.6538462e+002  2.5009976e-004
  2.6593407e+002  2.5035303e-004
  2.6648352e+002  2.5211807e-004
  2.6703297e+002  2.5330275e-004
  2.6758242e+002  2.5399404e-004
  2.6813187e+002  2.5407498e-004
  2.6868132e+002  2.5391910e-004
  2.6923077e+002  2.5327557e-004
  2.6978022e+002  2.5312920e-004
  2.7032967e+002  2.5343331e-004
  2.7087912e+002  2.5361817e-004
  2.7142857e+002  2.5464893e-004
  2.7197802e+002  2.5577363e-004
  2.7252747e+002  2.5594262e-004
  2.7307692e+002  2.5602552e-004
  2.7362637e+002  2.5514295e-004
  2.7417582e+002  2.5354562e-004
  2.7472527e+002  2.5351834e-004
  2.7527473e+002  2.5440378e-004
  2.7582418e+002  2.5488421e-004
  2.7637363e+002  2.5461231e-004
  2.7692308e+002  2.5309624e-004
  2.7747253e+002  2.5225771e-004
  2.7802198e+002  2.5234077e-004
  2.7857143e+002  2.5382633e-004
  2.7912088e+002  2.5426754e-004
  2.7967033e+002  2.5411405e-004
  2.8021978e+002  2.5358452e-004
  2.8076923e+002  2.5441211e-004
  2.8131868e+002  2.5651938e-004
  2.8186813e+002  2.5761601e-004
  2.8241758e+002  2.5849901e-004
  2.8296703e+002  2.5868370e-004
  2.8351648e+002  2.5754000e-004
  2.8406593e+002  2.5923701e-004
  2.8461538e+002  2.6038490e-004
  2.8516484e+002  2.6156772e-004
  2.8571429e+002  2.6301278e-004
  2.8626374e+002  2.6262953e-004
  2.8681319e+002  2.6126228e-004
  2.8736264e+002  2.5948704e-004
  2.8791209e+002  2.5740429e-004
  2.8846154e+002  2.5628415e-004
  2.8901099e+002  2.5584024e-004
  2.8956044e+002  2.5809198e-004
  2.9010989e+002  2.5997251e-004
  2.9065934e+002  2.6069608e-004
  2.9120879e+002  2.5944071e-004
  2.9175824e+002  2.5903453e-004
  2.9230769e+002  2.5946953e-004
  2.9285714e+002  2.5997612e-004
  2.9340659e+002  2.6116855e-004
  2.9395604e+002  2.6187868e-004
  2.9450549e+002  2.6182800e-004
  2.9505495e+002  2.6172631e-004
  2.9560440e+002  2.6114880e-004
  2.9615385e+002  2.6230668e-004
  2.9670330e+002  2.6272336e-004
  2.9725275e+002  2.6163725e-004
  2.9780220e+002  2.6113734e-004
  2.9835165e+002  2.6146651e-004
  2.9890110e+002  2.6265973e-004
  2.9945055e+002  2.6430514e-004
  3.0000000e+002  2.6543175e-004
  3.0000000e+002  2.6543175e-004
  3.0062112e+002  2.6619120e-004
  3.0124224e+002  2.6600761e-004
  3.0186335e+002  2.6444860e-004
  3.0248447e+002  2.6362027e-004
  3.0310559e+002  2.6433863e-004
  3.0372671e+002  2.6546625e-004
  3.0434783e+002  2.6665018e-004
  3.0496894e+002  2.6657482e-004
  3.0559006e+002  2.6496549e-004
  3.0621118e+002  2.6218333e-004
  3.0683230e+002  2.5959117e-004
  3.0745342e+002  2.5952876e-004
  3.0807453e+002  2.6109387e-004
  3.0869565e+002  2.6253065e-004
  3.0931677e+002  2.6374653e-004
  3.0993789e+002  2.6473616e-004
  3.1055901e+002  2.6521808e-004
  3.1118012e+002  2.6507923e-004
  3.1180124e+002  2.6539741e-004
  3.1242236e+002  2.6558126e-004
  3.1304348e+002  2.6600172e-004
  3.1366460e+002  2.6637234e-004
  3.1428571e+002  2.6698015e-004
  3.1490683e+002  2.6628864e-004
  3.1552795e+002  2.6408690e-004
  3.1614907e+002  2.6301177e-004
  3.1677019e+002  2.6312063e-004
  3.1739130e+002  2.6257640e-004
  3.1801242e+002  2.6262024e-004
  3.1863354e+002  2.6206545e-004
  3.1925466e+002  2.6186711e-004
  3.1987578e+002  2.6198791e-004
  3.2049689e+002  2.6263903e-004
  3.2111801e+002  2.6380444e-004
  3.2173913e+002  2.6471169e-004
  3.2236025e+002  2.6387381e-004
  3.2298137e+002  2.6295482e-004
  3.2360248e+002  2.6216359e-004
  3.2422360e+002  2.6166012e-004
  3.2484472e+002  2.6154755e-004
  3.2546584e+002  2.6083189e-004
  3.2608696e+002  2.5955057e-004
  3.2670807e+002  2.5891102e-004
  3.2732919e+002  2.5826500e-004
  3.2795031e+002  2.5689817e-004
  3.2857143e+002  2.5628033e-004
  3.2919255e+002  2.5759074e-004
  3.2981366e+002  2.5978787e-004
  3.3043478e+002  2.6331249e-004
  3.3105590e+002  2.6564713e-004
  3.3167702e+002  2.6550022e-004
  3.3229814e+002  2.6360912e-004
  3.3291925e+002  2.6328404e-004
  3.3354037e+002  2.6567781e-004
  3.3416149e+002  2.6689475e-004
  3.3478261e+002  2.6593734e-004
  3.3540373e+002  2.6416094e-004
  3.3602484e+002  2.6147187e-004
  3.3664596e+002  2.6016374e-004
  3.3726708e+002  2.6096888e-004
  3.3788820e+002  2.6199497e-004
  3.3850932e+002  2.6129980e-004
  3.3913043e+002  2.6006985e-004
  3.3975155e+002  2.5958035e-004
  3.4037267e+002  2.6151098e-004
  3.4099379e+002  2.6401116e-004
  3.4161491e+002  2.6352017e-004
  3.4223602e+002  2.5998891e-004
  3.4285714e+002  2.5656901e-004
  3.4347826e+002  2.5542902e-004
  3.4409938e+002  2.5587522e-004
  3.4472050e+002  2.5839901e-004
  3.4534161e+002  2.6212097e-004
  3.4596273e+002  2.6286114e-004
  3.4658385e+002  2.6004931e-004
  3.4720497e+002  2.5718886e-004
  3.4782609e+002  2.5591884e-004
  3.4844720e+002  2.5601841e-004
  3.4906832e+002  2.5645866e-004
  3.4968944e+002  2.5806385e-004
  3.5031056e+002  2.5984115e-004
  3.5093168e+002  2.6036457e-004
  3.5155280e+002  2.5981775e-004
  3.5217391e+002  2.5994571e-004
  3.5279503e+002  2.6122958e-004
  3.5341615e+002  2.6395634e-004
  3.5403727e+002  2.6623052e-004
  3.5465839e+002  2.6488434e-004
  3.5527950e+002  2.6227801e-004
  3.5590062e+002  2.6041229e-004
  3.5652174e+002  2.5999045e-004
  3.5714286e+002  2.6019994e-004
  3.5776398e+002  2.5915787e-004
  3.5838509e+002  2.5861779e-004
  3.5900621e+002  2.5745991e-004
  3.5962733e+002  2.5358548e-004
  3.6024845e+002  2.5244257e-004
  3.6086957e+002  2.5413119e-004
  3.6149068e+002  2.5587500e-004
  3.6211180e+002  2.5666003e-004
  3.6273292e+002  2.5780952e-004
  3.6335404e+002  2.5983839e-004
  3.6397516e+002  2.6027700e-004
  3.6459627e+002  2.5931402e-004
  3.6521739e+002  2.5988425e-004
  3.6583851e+002  2.6067421e-004
  3.6645963e+002  2.5938068e-004
  3.6708075e+002  2.5729151e-004
  3.6770186e+002  2.5569094e-004
  3.6832298e+002  2.5355650e-004
  3.6894410e+002  2.5229412e-004
  3.6956522e+002  2.5259643e-004
  3.7018634e+002  2.5386502e-004
  3.7080745e+002  2.5536384e-004
  3.7142857e+002  2.5627248e-004
  3.7204969e+002  2.5594931e-004
  3.7267081e+002  2.5501233e-004
  3.7329193e+002  2.5337700e-004
  3.7391304e+002  2.5130248e-004
  3.7453416e+002  2.5123598e-004
  3.7515528e+002  2.5308934e-004
  3.7577640e+002  2.5470779e-004
  3.7639752e+002  2.5507496e-004
  3.7701863e+002  2.5589777e-004
  3.7763975e+002  2.5656455e-004
  3.7826087e+002  2.5504916e-004
  3.7888199e+002  2.5223054e-004
  3.7950311e+002  2.4971343e-004
  3.8012422e+002  2.4826158e-004
  3.8074534e+002  2.4844267e-004
  3.8136646e+002  2.5012141e-004
  3.8198758e+002  2.5331628e-004
  3.8260870e+002  2.5596390e-004
  3.8322981e+002  2.5569901e-004
  3.8385093e+002  2.5233785e-004
  3.8447205e+002  2.4811010e-004
  3.8509317e+002  2.4625085e-004
  3.8571429e+002  2.4575078e-004
  3.8633540e+002  2.4638269e-004
  3.8695652e+002  2.4975329e-004
  3.8757764e+002  2.5318795e-004
  3.8819876e+002  2.5353076e-004
  3.8881988e+002  2.5218935e-004
  3.8944099e+002  2.5206664e-004
  3.9006211e+002  2.5191055e-004
  3.9068323e+002  2.5161647e-004
  3.9130435e+002  2.5302687e-004
  3.9192547e+002  2.5488235e-004
  3.9254658e+002  2.5469733e-004
  3.9316770e+002  2.5178721e-004
  3.9378882e+002  2.4742061e-004
  3.9440994e+002  2.4422229e-004
  3.9503106e+002  2.4259980e-004
  3.9565217e+002  2.4434670e-004
  3.9627329e+002  2.4856352e-004
  3.9689441e+002  2.5111290e-004
  3.9751553e+002  2.5161227e-004
  3.9813665e+002  2.5062917e-004
  3.9875776e+002  2.4766555e-004
  3.9937888e+002  2.4434983e-004
  4.0000000e+002  2.4254036e-004
  4.0000000e+002  2.4254036e-004
  4.0088496e+002  2.4205515e-004
  4.0176991e+002  2.4244398e-004
  4.0265487e+002  2.4438969e-004
  4.0353982e+002  2.4672730e-004
  4.0442478e+002  2.4785290e-004
  4.0530973e+002  2.4823732e-004
  4.0619469e+002  2.4896566e-004
  4.0707965e+002  2.4920285e-004
  4.0796460e+002  2.4797487e-004
  4.0884956e+002  2.4617968e-004
  4.0973451e+002  2.4433284e-004
  4.1061947e+002  2.4276863e-004
  4.1150442e+002  2.4299600e-004
  4.1238938e+002  2.4483142e-004
  4.1327434e+002  2.4551964e-004
  4.1415929e+002  2.4552914e-004
  4.1504425e+002  2.4471838e-004
  4.1592920e+002  2.4337543e-004
  4.1681416e+002  2.4281741e-004
  4.1769912e+002  2.4215668e-004
  4.1858407e+002  2.4107343e-004
  4.1946903e+002  2.3997092e-004
  4.2035398e+002  2.3921519e-004
  4.2123894e+002  2.3940695e-004
  4.2212389e+002  2.4094064e-004
  4.2300885e+002  2.4251021e-004
  4.2389381e+002  2.4159255e-004
  4.2477876e+002  2.3874564e-004
  4.2566372e+002  2.3639327e-004
  4.2654867e+002  2.3469452e-004
  4.2743363e+002  2.3391554e-004
  4.2831858e+002  2.3533513e-004
  4.2920354e+002  2.3899934e-004
  4.3008850e+002  2.4072808e-004
  4.3097345e+002  2.4029658e-004
  4.3185841e+002  2.3971696e-004
  4.3274336e+002  2.3826139e-004
  4.3362832e+002  2.3457091e-004
  4.3451327e+002  2.3165473e-004
  4.3539823e+002  2.3241969e-004
  4.3628319e+002  2.3322345e-004
  4.3716814e+002  2.3349445e-004
  4.3805310e+002  2.3638223e-004
  4.3893805e+002  2.4014357e-004
  4.3982301e+002  2.4149606e-004
  4.4070796e+002  2.4063912e-004
  4.4159292e+002  2.4085843e-004
  4.4247788e+002  2.4013619e-004
  4.4336283e+002  2.3687317e-004
  4.4424779e+002  2.3506901e-004
  4.4513274e+002  2.3339971e-004
  4.4601770e+002  2.3147704e-004
  4.4690265e+002  2.2931648e-004
  4.4778761e+002  2.2822309e-004
  4.4867257e+002  2.2894268e-004
  4.4955752e+002  2.2774240e-004
  4.5044248e+002  2.2646351e-004
  4.5132743e+002  2.2680579e-004
  4.5221239e+002  2.2810081e-004
  4.5309735e+002  2.3106359e-004
  4.5398230e+002  2.3338681e-004
  4.5486726e+002  2.3405253e-004
  4.5575221e+002  2.3301965e-004
  4.5663717e+002  2.3050238e-004
  4.5752212e+002  2.2947533e-004
  4.5840708e+002  2.2962628e-004
  4.5929204e+002  2.2975774e-004
  4.6017699e+002  2.3034788e-004
  4.6106195e+002  2.2967855e-004
  4.6194690e+002  2.2850094e-004
  4.6283186e+002  2.2858464e-004
  4.6371681e+002  2.2882390e-004
  4.6460177e+002  2.3019534e-004
  4.6548673e+002  2.3298233e-004
  4.6637168e+002  2.3547965e-004
  4.6725664e+002  2.3585738e-004
  4.6814159e+002  2.3300887e-004
  4.6902655e+002  2.2930464e-004
  4.6991150e+002  2.2595994e-004
  4.7079646e+002  2.2361840e-004
  4.7168142e+002  2.2360407e-004
  4.7256637e+002  2.2400739e-004
  4.7345133e+002  2.2379201e-004
  4.7433628e+002  2.2246048e-004
  4.7522124e+002  2.2012451e-004
  4.7610619e+002  2.1787028e-004
  4.7699115e+002  2.1755475e-004
  4.7787611e+002  2.1999740e-004
  4.7876106e+002  2.2182496e-004
  4.7964602e+002  2.2313850e-004
  4.8053097e+002  2.2521823e-004
  4.8141593e+002  2.2657794e-004
  4.8230088e+002  2.2697632e-004
  4.8318584e+002  2.2587221e-004
  4.8407080e+002  2.2310507e-004
  4.8495575e+002  2.2052671e-004
  4.8584071e+002  2.1859172e-004
  4.8672566e+002  2.1755300e-004
  4.8761062e+002  2.1769885e-004
  4.8849558e+002  2.1887885e-004
  4.8938053e+002  2.1982411e-004
  4.9026549e+002  2.2044428e-004
  4.9115044e+002  2.2074999e-004
  4.9203540e+002  2.2099711e-004
  4.9292035e+002  2.2080689e-004
  4.9380531e+002  2.1997887e-004
  4.9469027e+002  2.2092042e-004
  4.9557522e+002  2.2394587e-004
  4.9646018e+002  2.2649292e-004
  4.9734513e+002  2.2733707e-004
  4.9823009e+002  2.2539109e-004
  4.9911504e+002  2.2161484e-004
  5.0000000e+002  2.1910888e-004
  5.0000000e+002  2.1910888e-004
  5.0106383e+002  2.1892604e-004
  5.0212766e+002  2.2114375e-004
  5.0319149e+002  2.2285318e-004
  5.0425532e+002  2.2231314e-004
  5.0531915e+002  2.2124746e-004
  5.0638298e+002  2.1900427e-004
  5.0744681e+002  2.1654835e-004
  5.0851064e+002  2.1489418e-004
  5.0957447e+002  2.1359587e-004
  5.1063830e+002  2.1264547e-004
  5.1170213e+002  2.1248056e-004
  5.1276596e+002  2.1432267e-004
  5.1382979e+002  2.1830942e-004
  5.1489362e+002  2.2201688e-004
  5.1595745e+002  2.2353184e-004
  5.1702128e+002  2.2294770e-004
  5.1808511e+002  2.2233803e-004
  5.1914894e+002  2.2118308e-004
  5.2021277e+002  2.1959647e-004
  5.2127660e+002  2.1838101e-004
  5.2234043e+002  2.1780075e-004
  5.2340426e+002  2.1701589e-004
  5.2446809e+002  2.1595811e-004
  5.2553191e+002  2.1576004e-004
  5.2659574e+002  2.1525726e-004
  5.2765957e+002  2.1399250e-004
  5.2872340e+002  2.1385620e-004
  5.2978723e+002  2.1387748e-004
  5.3085106e+002  2.1268023e-004
  5.3191489e+002  2.1099788e-004
  5.3297872e+002  2.1054860e-004
  5.3404255e+002  2.1169968e-004
  5.3510638e+002  2.1276690e-004
  5.3617021e+002  2.1372951e-004
  5.3723404e+002  2.1422438e-004
  5.3829787e+002  2.1320195e-004
  5.3936170e+002  2.1187817e-004
  5.4042553e+002  2.1123029e-004
  5.4148936e+002  2.1167872e-004
  5.4255319e+002  2.1198453e-004
  5.4361702e+002  2.1243938e-004
  5.4468085e+002  2.1300839e-004
  5.4574468e+002  2.1325513e-004
  5.4680851e+002  2.1195438e-004
  5.4787234e+002  2.1018584e-004
  5.4893617e+002  2.1040392e-004
  5.5000000e+002  2.1087734e-004
  5.5106383e+002  2.1072969e-004
  5.5212766e+002  2.1107685e-004
  5.5319149e+002  2.1174288e-004
  5.5425532e+002  2.1131298e-004
  5.5531915e+002  2.0886948e-004
  5.5638298e+002  2.0810617e-004
  5.5744681e+002  2.0871796e-004
  5.5851064e+002  2.1044399e-004
  5.5957447e+002  2.1409875e-004
  5.6063830e+002  2.1633462e-004
  5.6170213e+002  2.1676532e-004
  5.6276596e+002  2.1575452e-004
  5.6382979e+002  2.1376720e-004
  5.6489362e+002  2.1316215e-004
  5.6595745e+002  2.1458375e-004
  5.6702128e+002  2.1753655e-004
  5.6808511e+002  2.1848647e-004
  5.6914894e+002  2.1751505e-004
  5.7021277e+002  2.1705107e-004
  5.7127660e+002  2.1657484e-004
  5.7234043e+002  2.1436545e-004
  5.7340426e+002  2.1288393e-004
  5.7446809e+002  2.1351302e-004
  5.7553191e+002  2.1510664e-004
  5.7659574e+002  2.1697730e-004
  5.7765957e+002  2.1855430e-004
  5.7872340e+002  2.1836546e-004
  5.7978723e+002  2.1591565e-004
  5.8085106e+002  2.1332111e-004
  5.8191489e+002  2.1165366e-004
  5.8297872e+002  2.1129626e-004
  5.8404255e+002  2.1118857e-004
  5.8510638e+002  2.1034326e-004
  5.8617021e+002  2.1019114e-004
  5.8723404e+002  2.1273023e-004
  5.8829787e+002  2.1445886e-004
  5.8936170e+002  2.1419211e-004
  5.9042553e+002  2.1182212e-004
  5.9148936e+002  2.0880585e-004
  5.9255319e+002  2.0680022e-004
  5.9361702e+002  2.0637461e-004
  5.9468085e+002  2.0795108e-004
  5.9574468e+002  2.0865639e-004
  5.9680851e+002  2.0670850e-004
  5.9787234e+002  2.0478641e-004
  5.9893617e+002  2.0488937e-004
  6.0000000e+002  2.0620445e-004
  6.0000000e+002  2.0620445e-004
  6.0277778e+002  2.0843379e-004
  6.0555556e+002  2.1007820e-004
  6.0833333e+002  2.0862513e-004
  6.1111111e+002  2.0415615e-004
  6.1388889e+002  2.0147074e-004
  6.1666667e+002  2.0279580e-004
  6.1944444e+002  2.0761793e-004
  6.2222222e+002  2.1222889e-004
  6.2500000e+002  2.1538947e-004
  6.2777778e+002  2.1656295e-004
  6.3055556e+002  2.1563674e-004
  6.3333333e+002  2.1309978e-004
  6.3611111e+002  2.0921479e-004
  6.3888889e+002  2.0543917e-004
  6.4166667e+002  2.0422971e-004
  6.4444444e+002  2.0346762e-004
  6.4722222e+002  2.0479342e-004
  6.5000000e+002  2.0726154e-004
  6.5277778e+002  2.0980975e-004
  6.5555556e+002  2.0928399e-004
  6.5833333e+002  2.0708698e-004
  6.6111111e+002  2.0502307e-004
  6.6388889e+002  2.0267277e-004
  6.6666667e+002  2.0103829e-004
  6.6944444e+002  2.0104620e-004
  6.7222222e+002  2.0246838e-004
  6.7500000e+002  2.0515931e-004
  6.7777778e+002  2.0495996e-004
  6.8055556e+002  2.0403148e-004
  6.8333333e+002  2.0377677e-004
  6.8611111e+002  2.0196094e-004
  6.8888889e+002  2.0043850e-004
  6.9166667e+002  1.9949149e-004
  6.9444444e+002  1.9929644e-004
  6.9722222e+002  1.9976997e-004
  7.0000000e+002  2.0036334e-004
  7.0277778e+002  2.0183213e-004
  7.0555556e+002  2.0281655e-004
  7.0833333e+002  2.0237295e-004
  7.1111111e+002  2.0248691e-004
  7.1388889e+002  2.0293878e-004
  7.1666667e+002  2.0361920e-004
  7.1944444e+002  2.0452014e-004
  7.2222222e+002  2.0375915e-004
  7.2500000e+002  2.0389322e-004
  7.2777778e+002  2.0525272e-004
  7.3055556e+002  2.0537458e-004
  7.3333333e+002  2.0426458e-004
  7.3611111e+002  2.0298182e-004
  7.3888889e+002  2.0122384e-004
  7.4166667e+002  1.9954127e-004
  7.4444444e+002  1.9856242e-004
  7.4722222e+002  2.0075110e-004
  7.5000000e+002  2.0421246e-004
  7.5277778e+002  2.0775529e-004
  7.5555556e+002  2.1085829e-004
  7.5833333e+002  2.1140666e-004
  7.6111111e+002  2.1030069e-004
  7.6388889e+002  2.0940506e-004
  7.6666667e+002  2.0752999e-004
  7.6944444e+002  2.0635508e-004
  7.7222222e+002  2.0848305e-004
  7.7500000e+002  2.1057493e-004
  7.7777778e+002  2.0991133e-004
  7.8055556e+002  2.0791733e-004
  7.8333333e+002  2.0646202e-004
  7.8611111e+002  2.0632350e-004
  7.8888889e+002  2.0764723e-004
  7.9166667e+002  2.1060353e-004
  7.9444444e+002  2.1497289e-004
  7.9722222e+002  2.1624896e-004
  8.0000000e+002  2.1686494e-004
  8.0277778e+002  2.1745083e-004
  8.0555556e+002  2.1432448e-004
  8.0833333e+002  2.0888381e-004
  8.1111111e+002  2.0532750e-004
  8.1388889e+002  2.0560917e-004
  8.1666667e+002  2.0904516e-004
  8.1944444e+002  2.1364502e-004
  8.2222222e+002  2.1797377e-004
  8.2500000e+002  2.2002282e-004
  8.2777778e+002  2.1699227e-004
  8.3055556e+002  2.1393274e-004
  8.3333333e+002  2.1161943e-004
  8.3611111e+002  2.0895594e-004
  8.3888889e+002  2.0711627e-004
  8.4166667e+002  2.0763343e-004
  8.4444444e+002  2.1251543e-004
  8.4722222e+002  2.1886505e-004
  8.5000000e+002  2.2245798e-004
  8.5277778e+002  2.2344411e-004
  8.5555556e+002  2.2022079e-004
  8.5833333e+002  2.1576014e-004
  8.6111111e+002  2.1174007e-004
  8.6388889e+002  2.1007725e-004
  8.6666667e+002  2.1043491e-004
  8.6944444e+002  2.1262137e-004
  8.7222222e+002  2.1570479e-004
  8.7500000e+002  2.1936677e-004
  8.7777778e+002  2.2204761e-004
  8.8055556e+002  2.2373193e-004
  8.8333333e+002  2.2363751e-004
  8.8611111e+002  2.2303416e-004
  8.8888889e+002  2.2207420e-004
  8.9166667e+002  2.2261853e-004
  8.9444444e+002  2.2280360e-004
  8.9722222e+002  2.2251403e-004
  9.0000000e+002  2.2319030e-004
  9.0277778e+002  2.2347102e-004
  9.0555556e+002  2.2451335e-004
  9.0833333e+002  2.2505853e-004
  9.1111111e+002  2.2516802e-004
  9.1388889e+002  2.2648761e-004
  9.1666667e+002  2.2650438e-004
  9.1944444e+002  2.2452799e-004
  9.2222222e+002  2.2316653e-004
  9.2500000e+002  2.2191073e-004
  9.2777778e+002  2.2071496e-004
  9.3055556e+002  2.2062569e-004
  9.3333333e+002  2.2230900e-004
  9.3611111e+002  2.2607644e-004
  9.3888889e+002  2.3120253e-004
  9.4166667e+002  2.3546112e-004
  9.4444444e+002  2.3863753e-004
  9.4722222e+002  2.4004087e-004
  9.5000000e+002  2.3930871e-004
  9.5277778e+002  2.3724873e-004
  9.5555556e+002  2.3315440e-004
  9.5833333e+002  2.3241576e-004
  9.6111111e+002  2.3436938e-004
  9.6388889e+002  2.3662234e-004
  9.6666667e+002  2.3771573e-004
  9.6944444e+002  2.3822694e-004
  9.7222222e+002  2.3760613e-004
  9.7500000e+002  2.3456114e-004
  9.7777778e+002  2.3213213e-004
  9.8055556e+002  2.3517001e-004
  9.8333333e+002  2.3649963e-004
  9.8611111e+002  2.3770798e-004
  9.8888889e+002  2.4112783e-004
  9.9166667e+002  2.4425381e-004
  9.9444444e+002  2.4529922e-004
  9.9722222e+002  2.4365582e-004
  1.0000000e+003  2.4336678e-004
  1.0000000e+003  2.4336678e-004
  1.0077519e+003  2.4437562e-004
  1.0155039e+003  2.4508066e-004
  1.0232558e+003  2.4724530e-004
  1.0310078e+003  2.4631661e-004
  1.0387597e+003  2.4304446e-004
  1.0465116e+003  2.4038484e-004
  1.0542636e+003  2.3798206e-004
  1.0620155e+003  2.3966383e-004
  1.0697674e+003  2.4237079e-004
  1.0775194e+003  2.4694851e-004
  1.0852713e+003  2.5031577e-004
  1.0930233e+003  2.5071967e-004
  1.1007752e+003  2.4806541e-004
  1.1085271e+003  2.4482612e-004
  1.1162791e+003  2.4215886e-004
  1.1240310e+003  2.4328605e-004
  1.1317829e+003  2.4621226e-004
  1.1395349e+003  2.5017656e-004
  1.1472868e+003  2.5138713e-004
  1.1550388e+003  2.4927402e-004
  1.1627907e+003  2.4430620e-004
  1.1705426e+003  2.4343870e-004
  1.1782946e+003  2.4410165e-004
  1.1860465e+003  2.4241521e-004
  1.1937984e+003  2.4108028e-004
  1.2015504e+003  2.4208079e-004
  1.2093023e+003  2.4288269e-004
  1.2170543e+003  2.4461886e-004
  1.2248062e+003  2.4500800e-004
  1.2325581e+003  2.4490536e-004
  1.2403101e+003  2.4276003e-004
  1.2480620e+003  2.4110613e-004
  1.2558140e+003  2.4372158e-004
  1.2635659e+003  2.4864525e-004
  1.2713178e+003  2.5014583e-004
  1.2790698e+003  2.5071659e-004
  1.2868217e+003  2.4726510e-004
  1.2945736e+003  2.4286491e-004
  1.3023256e+003  2.3995951e-004
  1.3100775e+003  2.3979789e-004
  1.3178295e+003  2.4286470e-004
  1.3255814e+003  2.4633195e-004
  1.3333333e+003  2.4668404e-004
  1.3410853e+003  2.4755855e-004
  1.3488372e+003  2.4764023e-004
  1.3565891e+003  2.4772733e-004
  1.3643411e+003  2.4696757e-004
  1.3720930e+003  2.4659042e-004
  1.3798450e+003  2.4690011e-004
  1.3875969e+003  2.4453469e-004
  1.3953488e+003  2.3909073e-004
  1.4031008e+003  2.3728906e-004
  1.4108527e+003  2.3752068e-004
  1.4186047e+003  2.3803232e-004
  1.4263566e+003  2.3797951e-004
  1.4341085e+003  2.3778101e-004
  1.4418605e+003  2.3666926e-004
  1.4496124e+003  2.3481064e-004
  1.4573643e+003  2.3332323e-004
  1.4651163e+003  2.3634487e-004
  1.4728682e+003  2.3632507e-004
  1.4806202e+003  2.3404138e-004
  1.4883721e+003  2.3110026e-004
  1.4961240e+003  2.3083648e-004
  1.5038760e+003  2.3220771e-004
  1.5116279e+003  2.3334552e-004
  1.5193798e+003  2.3267519e-004
  1.5271318e+003  2.3225861e-004
  1.5348837e+003  2.2995985e-004
  1.5426357e+003  2.2884470e-004
  1.5503876e+003  2.3062859e-004
  1.5581395e+003  2.3265476e-004
  1.5658915e+003  2.2815611e-004
  1.5736434e+003  2.2507429e-004
  1.5813953e+003  2.2413392e-004
  1.5891473e+003  2.2246923e-004
  1.5968992e+003  2.2099971e-004
  1.6046512e+003  2.1948549e-004
  1.6124031e+003  2.2108235e-004
  1.6201550e+003  2.2322947e-004
  1.6279070e+003  2.2351003e-004
  1.6356589e+003  2.2605404e-004
  1.6434109e+003  2.2768635e-004
  1.6511628e+003  2.2667910e-004
  1.6589147e+003  2.2464078e-004
  1.6666667e+003  2.1992569e-004
  1.6744186e+003  2.1676957e-004
  1.6821705e+003  2.1276287e-004
  1.6899225e+003  2.1134658e-004
  1.6976744e+003  2.1386045e-004
  1.7054264e+003  2.1949441e-004
  1.7131783e+003  2.2058695e-004
  1.7209302e+003  2.1291227e-004
  1.7286822e+003  2.0261136e-004
  1.7364341e+003  1.9630596e-004
  1.7441860e+003  1.9403357e-004
  1.7519380e+003  1.9415198e-004
  1.7596899e+003  1.9724012e-004
  1.7674419e+003  2.0169302e-004
  1.7751938e+003  2.0359839e-004
  1.7829457e+003  2.0312040e-004
  1.7906977e+003  2.0113483e-004
  1.7984496e+003  1.9917463e-004
  1.8062016e+003  1.9692905e-004
  1.8139535e+003  1.9353069e-004
  1.8217054e+003  1.9083944e-004
  1.8294574e+003  1.9022256e-004
  1.8372093e+003  1.8963662e-004
  1.8449612e+003  1.8756326e-004
  1.8527132e+003  1.8824612e-004
  1.8604651e+003  1.9150394e-004
  1.8682171e+003  1.9145007e-004
  1.8759690e+003  1.9119887e-004
  1.8837209e+003  1.9123581e-004
  1.8914729e+003  1.8777837e-004
  1.8992248e+003  1.7908387e-004
  1.9069767e+003  1.7318310e-004
  1.9147287e+003  1.7075022e-004
  1.9224806e+003  1.6856133e-004
  1.9302326e+003  1.6981765e-004
  1.9379845e+003  1.7621583e-004
  1.9457364e+003  1.8167311e-004
  1.9534884e+003  1.8200445e-004
  1.9612403e+003  1.8038796e-004
  1.9689922e+003  1.7912469e-004
  1.9767442e+003  1.7464589e-004
  1.9844961e+003  1.7256028e-004
  1.9922481e+003  1.7486965e-004
  2.0000000e+003  1.7739191e-004
  2.0000000e+003  1.7739191e-004
  2.0355085e+003  1.7892974e-004
  2.0710169e+003  1.7552496e-004
  2.1065254e+003  1.6942336e-004
  2.1420339e+003  1.6613147e-004
  2.1775424e+003  1.6404336e-004
  2.2130508e+003  1.6197797e-004
  2.2485593e+003  1.6016786e-004
  2.2840678e+003  1.5866893e-004
  2.3195763e+003  1.5970367e-004
  2.3550847e+003  1.5991369e-004
  2.3905932e+003  1.6109093e-004
  2.4261017e+003  1.6201300e-004
  2.4616102e+003  1.5631030e-004
  2.4971186e+003  1.5022839e-004
  2.5326271e+003  1.4692084e-004
  2.5681356e+003  1.4849429e-004
  2.6036441e+003  1.5093306e-004
  2.6391525e+003  1.4982954e-004
  2.6746610e+003  1.4653313e-004
  2.7101695e+003  1.4377777e-004
  2.7456780e+003  1.4462755e-004
  2.7811864e+003  1.4900672e-004
  2.8166949e+003  1.4952144e-004
  2.8522034e+003  1.4678948e-004
  2.8877119e+003  1.4087141e-004
  2.9232203e+003  1.3665953e-004
  2.9587288e+003  1.3436767e-004
  2.9942373e+003  1.3437175e-004
  3.0297458e+003  1.3722201e-004
  3.0652542e+003  1.3980148e-004
  3.1007627e+003  1.3595905e-004
  3.1362712e+003  1.3046605e-004
  3.1717797e+003  1.3088396e-004
  3.2072881e+003  1.3413329e-004
  3.2427966e+003  1.3543261e-004
  3.2783051e+003  1.3495881e-004
  3.3138136e+003  1.3511145e-004
  3.3493220e+003  1.3468234e-004
  3.3848305e+003  1.3155971e-004
  3.4203390e+003  1.2996227e-004
  3.4558475e+003  1.2920554e-004
  3.4913559e+003  1.2673349e-004
  3.5268644e+003  1.2496855e-004
  3.5623729e+003  1.2683353e-004
  3.5978814e+003  1.3148195e-004
  3.6333898e+003  1.3259832e-004
  3.6688983e+003  1.2920888e-004
  3.7044068e+003  1.2301233e-004
  3.7399153e+003  1.1600602e-004
  3.7754237e+003  1.1144395e-004
  3.8109322e+003  1.1229091e-004
  3.8464407e+003  1.1422755e-004
  3.8819492e+003  1.1278997e-004
  3.9174576e+003  1.0854645e-004
  3.9529661e+003  1.0717639e-004
  3.9884746e+003  1.0401941e-004
  4.0239831e+003  1.0165420e-004
  4.0594915e+003  1.0048948e-004
  4.0950000e+003  1.0154933e-004
  4.1305085e+003  1.0213352e-004
  4.1660169e+003  9.9706580e-005
  4.2015254e+003  9.7852742e-005
  4.2370339e+003  1.0008511e-004
  4.2725424e+003  9.9016824e-005
  4.3080508e+003  1.0029847e-004
  4.3435593e+003  1.0003055e-004
  4.3790678e+003  9.9569276e-005
  4.4145763e+003  9.6028784e-005
  4.4500847e+003  9.0628296e-005
  4.4855932e+003  8.9636440e-005
  4.5211017e+003  9.3223108e-005
  4.5566102e+003  9.8049860e-005
  4.5921186e+003  9.8881803e-005
  4.6276271e+003  9.5541029e-005
  4.6631356e+003  9.2546196e-005
  4.6986441e+003  8.7522112e-005
  4.7341525e+003  8.4342473e-005
  4.7696610e+003  8.2498241e-005
  4.8051695e+003  8.2472341e-005
  4.8406780e+003  8.0181115e-005
  4.8761864e+003  7.5382758e-005
  4.9116949e+003  7.4531337e-005
  4.9472034e+003  7.5062029e-005
  4.9827119e+003  7.2683501e-005
  5.0182203e+003  7.1101659e-005
  5.0537288e+003  7.0209609e-005
  5.0892373e+003  7.1099286e-005
  5.1247458e+003  6.8743666e-005
  5.1602542e+003  6.7759670e-005
  5.1957627e+003  6.7937915e-005
  5.2312712e+003  6.5787359e-005
  5.2667797e+003  6.6955804e-005
  5.3022881e+003  7.3791569e-005
  5.3377966e+003  8.0264336e-005
  5.3733051e+003  8.2395277e-005
  5.4088136e+003  8.0207971e-005
  5.4443220e+003  7.7363550e-005
  5.4798305e+003  7.5165099e-005
  5.5153390e+003  7.1149043e-005
  5.5508475e+003  6.9681969e-005
  5.5863559e+003  6.9686926e-005
  5.6218644e+003  6.8249112e-005
  5.6573729e+003  6.5008952e-005
  5.6928814e+003  6.0408642e-005
  5.7283898e+003  5.4302816e-005
  5.7638983e+003  5.3069248e-005
  5.7994068e+003  5.3686414e-005
  5.8349153e+003  5.7748724e-005
  5.8704237e+003  6.3060779e-005
  5.9059322e+003  6.7171684e-005
  5.9414407e+003  6.9478195e-005
  5.9769492e+003  6.9348396e-005
  6.0124576e+003  6.5934571e-005
  6.0479661e+003  6.2884020e-005
  6.0834746e+003  5.7459829e-005
  6.1189831e+003  5.6051561e-005
  6.1544915e+003  5.6720608e-005
  6.1900000e+003  5.9274037e-005
  6.2255085e+003  5.9237787e-005
  6.2610169e+003  5.6042587e-005
  6.2965254e+003  5.0630460e-005
  6.3320339e+003  4.6299545e-005
  6.3675424e+003  4.7377074e-005
  6.4030508e+003  5.2204585e-005
  6.4385593e+003  5.5880242e-005
  6.4740678e+003  5.5700951e-005
  6.5095763e+003  5.4372720e-005
  6.5450847e+003  5.5651422e-005
  6.5805932e+003  5.6309164e-005
  6.6161017e+003  5.4612059e-005
  6.6516102e+003  5.4204071e-005
  6.6871186e+003  5.1134333e-005
  6.7226271e+003  4.7819906e-005
  6.7581356e+003  4.6304115e-005
  6.7936441e+003  4.7083842e-005
  6.8291525e+003  4.7193680e-005
  6.8646610e+003  4.7154713e-005
  6.9001695e+003  4.7257231e-005
  6.9356780e+003  4.8649131e-005
  6.9711864e+003  5.0438293e-005
  7.0066949e+003  5.1268229e-005
  7.0422034e+003  4.9819853e-005
  7.0777119e+003  4.6485045e-005
  7.1132203e+003  4.4423341e-005
  7.1487288e+003  4.2345682e-005
  7.1842373e+003  4.0306804e-005
  7.2197458e+003  3.8967029e-005
  7.2552542e+003  3.7658059e-005
  7.2907627e+003  3.6546515e-005
  7.3262712e+003  3.9126980e-005
  7.3617797e+003  4.3170433e-005
  7.3972881e+003  4.5895818e-005
  7.4327966e+003  4.6247277e-005
  7.4683051e+003  4.5511033e-005
  7.5038136e+003  4.3275478e-005
  7.5393220e+003  4.1233984e-005
  7.5748305e+003  4.0966913e-005
  7.6103390e+003  4.5101033e-005
  7.6458475e+003  4.7906953e-005
  7.6813559e+003  5.1259435e-005
  7.7168644e+003  5.3429762e-005
  7.7523729e+003  5.2062977e-005
  7.7878814e+003  4.9759205e-005
  7.8233898e+003  4.9248623e-005
  7.8588983e+003  4.5400851e-005
  7.8944068e+003  4.5689921e-005
  7.9299153e+003  4.9018832e-005
  7.9654237e+003  5.2345583e-005
  8.0009322e+003  5.1270665e-005
  8.0364407e+003  4.6563866e-005
  8.0719492e+003  4.2349376e-005
  8.1074576e+003  3.6588725e-005
  8.1429661e+003  2.7928763e-005
  8.1784746e+003  2.9144827e-005
  8.2139831e+003  3.4332168e-005
  8.2494915e+003  3.9784222e-005
  8.2850000e+003  4.6974780e-005
  8.3205085e+003  5.1442743e-005
  8.3560169e+003  5.3933088e-005
  8.3915254e+003  5.3794235e-005
  8.4270339e+003  5.1084379e-005
  8.4625424e+003  5.0684665e-005
  8.4980508e+003  4.9011640e-005
  8.5335593e+003  4.6604527e-005
  8.5690678e+003  4.4475683e-005
  8.6045763e+003  4.0252292e-005
  8.6400847e+003  3.9117395e-005
  8.6755932e+003  3.8923052e-005
  8.7111017e+003  3.7436929e-005
  8.7466102e+003  3.7230215e-005
  8.7821186e+003  3.5814018e-005
  8.8176271e+003  3.5421219e-005
  8.8531356e+003  3.6487066e-005
  8.8886441e+003  3.8513545e-005
  8.9241525e+003  3.8484683e-005
  8.9596610e+003  3.9578150e-005
  8.9951695e+003  3.9725612e-005
