  4.5416667e+001  1.0917639e-005
  4.5833333e+001  1.0938941e-005
  4.6250000e+001  1.1216420e-005
  4.6666667e+001  1.1499380e-005
  4.7083333e+001  1.1618173e-005
  4.7500000e+001  1.1799112e-005
  4.7916667e+001  1.1806034e-005
  4.8333333e+001  1.1672396e-005
  4.8750000e+001  1.1511605e-005
  4.9166667e+001  1.1523188e-005
  4.9583333e+001  1.1552068e-005
  5.0000000e+001  1.1660576e-005
  5.0416667e+001  1.1833428e-005
  5.0833333e+001  1.2007989e-005
  5.1250000e+001  1.2078696e-005
  5.1666667e+001  1.2021988e-005
  5.2083333e+001  1.2048419e-005
  5.2500000e+001  1.2325967e-005
  5.2916667e+001  1.2739136e-005
  5.3333333e+001  1.3152160e-005
  5.3750000e+001  1.3379409e-005
  5.4166667e+001  1.3500272e-005
  5.4583333e+001  1.3644285e-005
  5.5000000e+001  1.3588820e-005
  5.5416667e+001  1.3730750e-005
  5.5833333e+001  1.3977707e-005
  5.6250000e+001  1.4188509e-005
  5.6666667e+001  1.4364585e-005
  5.7083333e+001  1.4648358e-005
  5.7500000e+001  1.4965201e-005
  5.7916667e+001  1.5234523e-005
  5.8333333e+001  1.5419867e-005
  5.8750000e+001  1.5758892e-005
  5.9166667e+001  1.6019196e-005
  5.9583333e+001  1.6184619e-005
  6.0000000e+001  1.6352380e-005
  6.0416667e+001  1.6455844e-005
  6.0833333e+001  1.6530445e-005
  6.1250000e+001  1.6736847e-005
  6.1666667e+001  1.6941041e-005
  6.2083333e+001  1.7187744e-005
  6.2500000e+001  1.7441384e-005
  6.2916667e+001  1.7772670e-005
  6.3333333e+001  1.8193947e-005
  6.3750000e+001  1.8612658e-005
  6.4166667e+001  1.9043023e-005
  6.4583333e+001  1.9358150e-005
  6.5000000e+001  1.9533014e-005
  6.5416667e+001  1.9763685e-005
  6.5833333e+001  2.0064004e-005
  6.6250000e+001  2.0349087e-005
  6.6666667e+001  2.0696573e-005
  6.7083333e+001  2.1197697e-005
  6.7500000e+001  2.1753170e-005
  6.7916667e+001  2.2245508e-005
  6.8333333e+001  2.2769569e-005
  6.8750000e+001  2.3214169e-005
  6.9166667e+001  2.3429900e-005
  6.9583333e+001  2.3545274e-005
  7.0000000e+001  2.3782766e-005
  7.0416667e+001  2.4154784e-005
  7.0833333e+001  2.4489038e-005
  7.1250000e+001  2.4938125e-005
  7.1666667e+001  2.5385482e-005
  7.2083333e+001  2.5623595e-005
  7.2500000e+001  2.5899203e-005
  7.2916667e+001  2.6304214e-005
  7.3333333e+001  2.6873621e-005
  7.3750000e+001  2.7347267e-005
  7.4166667e+001  2.7867490e-005
  7.4583333e+001  2.8588818e-005
  7.5000000e+001  2.9151941e-005
  7.5416667e+001  2.9589175e-005
  7.5833333e+001  3.0041722e-005
  7.6250000e+001  3.0377138e-005
  7.6666667e+001  3.0603750e-005
  7.7083333e+001  3.0879262e-005
  7.7500000e+001  3.1441615e-005
  7.7916667e+001  3.2037352e-005
  7.8333333e+001  3.2658364e-005
  7.8750000e+001  3.3435082e-005
  7.9166667e+001  3.4133934e-005
  7.9583333e+001  3.4811227e-005
  8.0000000e+001  3.5371646e-005
  8.0416667e+001  3.5800054e-005
  8.0833333e+001  3.6211931e-005
  8.1250000e+001  3.6515841e-005
  8.1666667e+001  3.7036239e-005
  8.2083333e+001  3.7394944e-005
  8.2500000e+001  3.7743403e-005
  8.2916667e+001  3.8404045e-005
  8.3333333e+001  3.8833696e-005
  8.3750000e+001  3.9435245e-005
  8.4166667e+001  3.9961671e-005
  8.4583333e+001  4.0273164e-005
  8.5000000e+001  4.0587576e-005
  8.5416667e+001  4.0910422e-005
  8.5833333e+001  4.1842265e-005
  8.6250000e+001  4.2739858e-005
  8.6666667e+001  4.3861062e-005
  8.7083333e+001  4.4939717e-005
  8.7500000e+001  4.5716584e-005
  8.7916667e+001  4.6447685e-005
  8.8333333e+001  4.6985654e-005
  8.8750000e+001  4.7445040e-005
  8.9166667e+001  4.7979928e-005
  8.9583333e+001  4.8257454e-005
  9.0000000e+001  4.8776852e-005
  9.0416667e+001  4.9415071e-005
  9.0833333e+001  5.0373635e-005
  9.1250000e+001  5.1348837e-005
  9.1666667e+001  5.1897362e-005
  9.2083333e+001  5.2586239e-005
  9.2500000e+001  5.3332924e-005
  9.2916667e+001  5.3944624e-005
  9.3333333e+001  5.4708772e-005
  9.3750000e+001  5.5706952e-005
  9.4166667e+001  5.6484332e-005
  9.4583333e+001  5.6934203e-005
  9.5000000e+001  5.7433733e-005
  9.5416667e+001  5.8195934e-005
  9.5833333e+001  5.9157823e-005
  9.6250000e+001  5.9841280e-005
  9.6666667e+001  6.0677929e-005
  9.7083333e+001  6.1474137e-005
  9.7500000e+001  6.2072807e-005
  9.7916667e+001  6.2872030e-005
  9.8333333e+001  6.4089658e-005
  9.8750000e+001  6.5224377e-005
  9.9166667e+001  6.6346662e-005
  9.9583333e+001  6.7278451e-005
  1.0000000e+002  6.8051317e-005
  1.0000000e+002  6.8051317e-005
  1.0053763e+002  6.8350159e-005
  1.0107527e+002  6.8705944e-005
  1.0161290e+002  6.9816578e-005
  1.0215054e+002  7.1224337e-005
  1.0268817e+002  7.2445858e-005
  1.0322581e+002  7.3858240e-005
  1.0376344e+002  7.4886277e-005
  1.0430108e+002  7.5077030e-005
  1.0483871e+002  7.5357314e-005
  1.0537634e+002  7.5884538e-005
  1.0591398e+002  7.7169490e-005
  1.0645161e+002  7.8557515e-005
  1.0698925e+002  7.9924902e-005
  1.0752688e+002  8.1045268e-005
  1.0806452e+002  8.1674200e-005
  1.0860215e+002  8.2080914e-005
  1.0913978e+002  8.3101247e-005
  1.0967742e+002  8.4263256e-005
  1.1021505e+002  8.5864039e-005
  1.1075269e+002  8.6741196e-005
  1.1129032e+002  8.7653427e-005
  1.1182796e+002  8.8820409e-005
  1.1236559e+002  8.9808439e-005
  1.1290323e+002  9.0776843e-005
  1.1344086e+002  9.1953868e-005
  1.1397849e+002  9.3162819e-005
  1.1451613e+002  9.4145320e-005
  1.1505376e+002  9.4863716e-005
  1.1559140e+002  9.5754280e-005
  1.1612903e+002  9.7071873e-005
  1.1666667e+002  9.8154840e-005
  1.1720430e+002  9.9035430e-005
  1.1774194e+002  1.0032326e-004
  1.1827957e+002  1.0165022e-004
  1.1881720e+002  1.0276330e-004
  1.1935484e+002  1.0369591e-004
  1.1989247e+002  1.0478153e-004
  1.2043011e+002  1.0615997e-004
  1.2096774e+002  1.0730779e-004
  1.2150538e+002  1.0853453e-004
  1.2204301e+002  1.1023183e-004
  1.2258065e+002  1.1134850e-004
  1.2311828e+002  1.1268120e-004
  1.2365591e+002  1.1371025e-004
  1.2419355e+002  1.1443091e-004
  1.2473118e+002  1.1543964e-004
  1.2526882e+002  1.1602055e-004
  1.2580645e+002  1.1669438e-004
  1.2634409e+002  1.1773781e-004
  1.2688172e+002  1.1891404e-004
  1.2741935e+002  1.2020500e-004
  1.2795699e+002  1.2145698e-004
  1.2849462e+002  1.2280233e-004
  1.2903226e+002  1.2410604e-004
  1.2956989e+002  1.2529594e-004
  1.3010753e+002  1.2640368e-004
  1.3064516e+002  1.2706055e-004
  1.3118280e+002  1.2759433e-004
  1.3172043e+002  1.2875911e-004
  1.3225806e+002  1.3066802e-004
  1.3279570e+002  1.3251531e-004
  1.3333333e+002  1.3422465e-004
  1.3387097e+002  1.3574135e-004
  1.3440860e+002  1.3660579e-004
  1.3494624e+002  1.3764541e-004
  1.3548387e+002  1.3899389e-004
  1.3602151e+002  1.4034218e-004
  1.3655914e+002  1.4148238e-004
  1.3709677e+002  1.4284474e-004
  1.3763441e+002  1.4424799e-004
  1.3817204e+002  1.4529414e-004
  1.3870968e+002  1.4602563e-004
  1.3924731e+002  1.4686444e-004
  1.3978495e+002  1.4767095e-004
  1.4032258e+002  1.4829634e-004
  1.4086022e+002  1.4968377e-004
  1.4139785e+002  1.5180891e-004
  1.4193548e+002  1.5368049e-004
  1.4247312e+002  1.5503075e-004
  1.4301075e+002  1.5602770e-004
  1.4354839e+002  1.5696316e-004
  1.4408602e+002  1.5789077e-004
  1.4462366e+002  1.5937078e-004
  1.4516129e+002  1.6153026e-004
  1.4569892e+002  1.6356349e-004
  1.4623656e+002  1.6508946e-004
  1.4677419e+002  1.6630753e-004
  1.4731183e+002  1.6732624e-004
  1.4784946e+002  1.6803625e-004
  1.4838710e+002  1.6912524e-004
  1.4892473e+002  1.7055309e-004
  1.4946237e+002  1.7196349e-004
  1.5000000e+002  1.7354340e-004
  1.5000000e+002  1.7354340e-004
  1.5053763e+002  1.7492650e-004
  1.5107527e+002  1.7614025e-004
  1.5161290e+002  1.7740401e-004
  1.5215054e+002  1.7899621e-004
  1.5268817e+002  1.8077885e-004
  1.5322581e+002  1.8230901e-004
  1.5376344e+002  1.8342085e-004
  1.5430108e+002  1.8486275e-004
  1.5483871e+002  1.8673163e-004
  1.5537634e+002  1.8853292e-004
  1.5591398e+002  1.8992738e-004
  1.5645161e+002  1.9083431e-004
  1.5698925e+002  1.9130792e-004
  1.5752688e+002  1.9186884e-004
  1.5806452e+002  1.9280064e-004
  1.5860215e+002  1.9564552e-004
  1.5913978e+002  1.9831265e-004
  1.5967742e+002  1.9988039e-004
  1.6021505e+002  2.0035778e-004
  1.6075269e+002  2.0043969e-004
  1.6129032e+002  2.0130769e-004
  1.6182796e+002  2.0283799e-004
  1.6236559e+002  2.0530441e-004
  1.6290323e+002  2.0827891e-004
  1.6344086e+002  2.0962282e-004
  1.6397849e+002  2.1011521e-004
  1.6451613e+002  2.1080764e-004
  1.6505376e+002  2.1190596e-004
  1.6559140e+002  2.1355520e-004
  1.6612903e+002  2.1467109e-004
  1.6666667e+002  2.1617071e-004
  1.6720430e+002  2.1821732e-004
  1.6774194e+002  2.2039856e-004
  1.6827957e+002  2.2187776e-004
  1.6881720e+002  2.2357133e-004
  1.6935484e+002  2.2446718e-004
  1.6989247e+002  2.2537357e-004
  1.7043011e+002  2.2597369e-004
  1.7096774e+002  2.2731287e-004
  1.7150538e+002  2.2825332e-004
  1.7204301e+002  2.2937665e-004
  1.7258065e+002  2.3030331e-004
  1.7311828e+002  2.3267012e-004
  1.7365591e+002  2.3426895e-004
  1.7419355e+002  2.3545066e-004
  1.7473118e+002  2.3572220e-004
  1.7526882e+002  2.3710247e-004
  1.7580645e+002  2.3888349e-004
  1.7634409e+002  2.4101715e-004
  1.7688172e+002  2.4287278e-004
  1.7741935e+002  2.4442956e-004
  1.7795699e+002  2.4522229e-004
  1.7849462e+002  2.4636805e-004
  1.7903226e+002  2.4768236e-004
  1.7956989e+002  2.4961962e-004
  1.8010753e+002  2.5056481e-004
  1.8064516e+002  2.5217512e-004
  1.8118280e+002  2.5317031e-004
  1.8172043e+002  2.5317545e-004
  1.8225806e+002  2.5427107e-004
  1.8279570e+002  2.5636255e-004
  1.8333333e+002  2.5881897e-004
  1.8387097e+002  2.6049795e-004
  1.8440860e+002  2.6210826e-004
  1.8494624e+002  2.6250928e-004
  1.8548387e+002  2.6122620e-004
  1.8602151e+002  2.6033751e-004
  1.8655914e+002  2.6051187e-004
  1.8709677e+002  2.6153153e-004
  1.8763441e+002  2.6269189e-004
  1.8817204e+002  2.6494354e-004
  1.8870968e+002  2.6741199e-004
  1.8924731e+002  2.7021037e-004
  1.8978495e+002  2.7237092e-004
  1.9032258e+002  2.7378836e-004
  1.9086022e+002  2.7442781e-004
  1.9139785e+002  2.7584552e-004
  1.9193548e+002  2.7688788e-004
  1.9247312e+002  2.7881609e-004
  1.9301075e+002  2.8004444e-004
  1.9354839e+002  2.8190264e-004
  1.9408602e+002  2.8333224e-004
  1.9462366e+002  2.8517733e-004
  1.9516129e+002  2.8786514e-004
  1.9569892e+002  2.9058594e-004
  1.9623656e+002  2.9241021e-004
  1.9677419e+002  2.9383022e-004
  1.9731183e+002  2.9458496e-004
  1.9784946e+002  2.9672889e-004
  1.9838710e+002  2.9836840e-004
  1.9892473e+002  2.9956376e-004
  1.9946237e+002  3.0046826e-004
  2.0000000e+002  3.0094619e-004
  2.0000000e+002  3.0094619e-004
  2.0054945e+002  3.0171310e-004
  2.0109890e+002  3.0267058e-004
  2.0164835e+002  3.0459744e-004
  2.0219780e+002  3.0658715e-004
  2.0274725e+002  3.0789700e-004
  2.0329670e+002  3.0814637e-004
  2.0384615e+002  3.0893396e-004
  2.0439560e+002  3.1044303e-004
  2.0494505e+002  3.1205916e-004
  2.0549451e+002  3.1279484e-004
  2.0604396e+002  3.1356039e-004
  2.0659341e+002  3.1490052e-004
  2.0714286e+002  3.1637770e-004
  2.0769231e+002  3.1748669e-004
  2.0824176e+002  3.1953817e-004
  2.0879121e+002  3.2190404e-004
  2.0934066e+002  3.2400471e-004
  2.0989011e+002  3.2568774e-004
  2.1043956e+002  3.2743741e-004
  2.1098901e+002  3.2831014e-004
  2.1153846e+002  3.2886471e-004
  2.1208791e+002  3.2955809e-004
  2.1263736e+002  3.3075467e-004
  2.1318681e+002  3.3256164e-004
  2.1373626e+002  3.3483776e-004
  2.1428571e+002  3.3626777e-004
  2.1483516e+002  3.3727702e-004
  2.1538462e+002  3.3819395e-004
  2.1593407e+002  3.3958017e-004
  2.1648352e+002  3.4008121e-004
  2.1703297e+002  3.4033085e-004
  2.1758242e+002  3.4122521e-004
  2.1813187e+002  3.4175410e-004
  2.1868132e+002  3.4229393e-004
  2.1923077e+002  3.4389898e-004
  2.1978022e+002  3.4595140e-004
  2.2032967e+002  3.4827131e-004
  2.2087912e+002  3.5048620e-004
  2.2142857e+002  3.5169738e-004
  2.2197802e+002  3.5221843e-004
  2.2252747e+002  3.5304345e-004
  2.2307692e+002  3.5355166e-004
  2.2362637e+002  3.5357193e-004
  2.2417582e+002  3.5354449e-004
  2.2472527e+002  3.5417340e-004
  2.2527473e+002  3.5558827e-004
  2.2582418e+002  3.5720953e-004
  2.2637363e+002  3.5914301e-004
  2.2692308e+002  3.6082672e-004
  2.2747253e+002  3.6178690e-004
  2.2802198e+002  3.6260787e-004
  2.2857143e+002  3.6348669e-004
  2.2912088e+002  3.6474045e-004
  2.2967033e+002  3.6644686e-004
  2.3021978e+002  3.6816408e-004
  2.3076923e+002  3.6952556e-004
  2.3131868e+002  3.7159894e-004
  2.3186813e+002  3.7316181e-004
  2.3241758e+002  3.7232678e-004
  2.3296703e+002  3.7106221e-004
  2.3351648e+002  3.7108505e-004
  2.3406593e+002  3.7234773e-004
  2.3461538e+002  3.7438299e-004
  2.3516484e+002  3.7688145e-004
  2.3571429e+002  3.7852920e-004
  2.3626374e+002  3.7837931e-004
  2.3681319e+002  3.7824050e-004
  2.3736264e+002  3.7916405e-004
  2.3791209e+002  3.7979769e-004
  2.3846154e+002  3.8061041e-004
  2.3901099e+002  3.8149829e-004
  2.3956044e+002  3.8213152e-004
  2.4010989e+002  3.8262716e-004
  2.4065934e+002  3.8318929e-004
  2.4120879e+002  3.8362289e-004
  2.4175824e+002  3.8397863e-004
  2.4230769e+002  3.8434208e-004
  2.4285714e+002  3.8553461e-004
  2.4340659e+002  3.8704517e-004
  2.4395604e+002  3.8937779e-004
  2.4450549e+002  3.9124950e-004
  2.4505495e+002  3.9246028e-004
  2.4560440e+002  3.9374147e-004
  2.4615385e+002  3.9499699e-004
  2.4670330e+002  3.9554763e-004
  2.4725275e+002  3.9694723e-004
  2.4780220e+002  3.9765372e-004
  2.4835165e+002  3.9786065e-004
  2.4890110e+002  3.9827032e-004
  2.4945055e+002  3.9909008e-004
  2.5000000e+002  3.9999795e-004
  2.5054945e+002  4.0134700e-004
  2.5109890e+002  4.0250182e-004
  2.5164835e+002  4.0372273e-004
  2.5219780e+002  4.0434245e-004
  2.5274725e+002  4.0509881e-004
  2.5329670e+002  4.0498933e-004
  2.5384615e+002  4.0448842e-004
  2.5439560e+002  4.0460533e-004
  2.5494505e+002  4.0581611e-004
  2.5549451e+002  4.0659504e-004
  2.5604396e+002  4.0823658e-004
  2.5659341e+002  4.1052608e-004
  2.5714286e+002  4.1185160e-004
  2.5769231e+002  4.1199352e-004
  2.5824176e+002  4.1190107e-004
  2.5879121e+002  4.1237535e-004
  2.5934066e+002  4.1323971e-004
  2.5989011e+002  4.1474176e-004
  2.6043956e+002  4.1808511e-004
  2.6098901e+002  4.1960838e-004
  2.6153846e+002  4.2029783e-004
  2.6208791e+002  4.2066426e-004
  2.6263736e+002  4.2096661e-004
  2.6318681e+002  4.2177677e-004
  2.6373626e+002  4.2077482e-004
  2.6428571e+002  4.2114354e-004
  2.6483516e+002  4.2163066e-004
  2.6538462e+002  4.2132019e-004
  2.6593407e+002  4.2217374e-004
  2.6648352e+002  4.2334843e-004
  2.6703297e+002  4.2564441e-004
  2.6758242e+002  4.2695750e-004
  2.6813187e+002  4.2734744e-004
  2.6868132e+002  4.2757749e-004
  2.6923077e+002  4.2856984e-004
  2.6978022e+002  4.2913292e-004
  2.7032967e+002  4.2934094e-004
  2.7087912e+002  4.3114399e-004
  2.7142857e+002  4.3161868e-004
  2.7197802e+002  4.3111899e-004
  2.7252747e+002  4.3142445e-004
  2.7307692e+002  4.3230800e-004
  2.7362637e+002  4.3425567e-004
  2.7417582e+002  4.3512179e-004
  2.7472527e+002  4.3628336e-004
  2.7527473e+002  4.3662532e-004
  2.7582418e+002  4.3696147e-004
  2.7637363e+002  4.3808101e-004
  2.7692308e+002  4.3862652e-004
  2.7747253e+002  4.3998503e-004
  2.7802198e+002  4.4186323e-004
  2.7857143e+002  4.4285491e-004
  2.7912088e+002  4.4255782e-004
  2.7967033e+002  4.4177970e-004
  2.8021978e+002  4.4246983e-004
  2.8076923e+002  4.4193946e-004
  2.8131868e+002  4.4280260e-004
  2.8186813e+002  4.4388727e-004
  2.8241758e+002  4.4445616e-004
  2.8296703e+002  4.4529106e-004
  2.8351648e+002  4.4648683e-004
  2.8406593e+002  4.4651035e-004
  2.8461538e+002  4.4631801e-004
  2.8516484e+002  4.4651508e-004
  2.8571429e+002  4.4711898e-004
  2.8626374e+002  4.4785534e-004
  2.8681319e+002  4.5026864e-004
  2.8736264e+002  4.5356185e-004
  2.8791209e+002  4.5455299e-004
  2.8846154e+002  4.5337789e-004
  2.8901099e+002  4.5272709e-004
  2.8956044e+002  4.5319894e-004
  2.9010989e+002  4.5355049e-004
  2.9065934e+002  4.5442891e-004
  2.9120879e+002  4.5550763e-004
  2.9175824e+002  4.5584378e-004
  2.9230769e+002  4.5652377e-004
  2.9285714e+002  4.5750734e-004
  2.9340659e+002  4.5891153e-004
  2.9395604e+002  4.6007270e-004
  2.9450549e+002  4.6073162e-004
  2.9505495e+002  4.6096247e-004
  2.9560440e+002  4.6055212e-004
  2.9615385e+002  4.6106749e-004
  2.9670330e+002  4.6206336e-004
  2.9725275e+002  4.6194077e-004
  2.9780220e+002  4.6187481e-004
  2.9835165e+002  4.6269362e-004
  2.9890110e+002  4.6314600e-004
  2.9945055e+002  4.6257941e-004
  3.0000000e+002  4.6280878e-004
  3.0000000e+002  4.6280878e-004
  3.0062112e+002  4.6374112e-004
  3.0124224e+002  4.6473955e-004
  3.0186335e+002  4.6594290e-004
  3.0248447e+002  4.6678279e-004
  3.0310559e+002  4.6702256e-004
  3.0372671e+002  4.6678617e-004
  3.0434783e+002  4.6697364e-004
  3.0496894e+002  4.6804966e-004
  3.0559006e+002  4.6909675e-004
  3.0621118e+002  4.7017791e-004
  3.0683230e+002  4.7133989e-004
  3.0745342e+002  4.7289181e-004
  3.0807453e+002  4.7478934e-004
  3.0869565e+002  4.7519374e-004
  3.0931677e+002  4.7454848e-004
  3.0993789e+002  4.7322850e-004
  3.1055901e+002  4.7116215e-004
  3.1118012e+002  4.7078478e-004
  3.1180124e+002  4.7182606e-004
  3.1242236e+002  4.7297088e-004
  3.1304348e+002  4.7367696e-004
  3.1366460e+002  4.7438575e-004
  3.1428571e+002  4.7602390e-004
  3.1490683e+002  4.7709776e-004
  3.1552795e+002  4.7645061e-004
  3.1614907e+002  4.7465702e-004
  3.1677019e+002  4.7275746e-004
  3.1739130e+002  4.7193906e-004
  3.1801242e+002  4.7276543e-004
  3.1863354e+002  4.7419247e-004
  3.1925466e+002  4.7557882e-004
  3.1987578e+002  4.7638424e-004
  3.2049689e+002  4.7478677e-004
  3.2111801e+002  4.7242902e-004
  3.2173913e+002  4.7096346e-004
  3.2236025e+002  4.7018372e-004
  3.2298137e+002  4.7081303e-004
  3.2360248e+002  4.7209949e-004
  3.2422360e+002  4.7356356e-004
  3.2484472e+002  4.7405555e-004
  3.2546584e+002  4.7347327e-004
  3.2608696e+002  4.7384754e-004
  3.2670807e+002  4.7470094e-004
  3.2732919e+002  4.7494261e-004
  3.2795031e+002  4.7475933e-004
  3.2857143e+002  4.7410732e-004
  3.2919255e+002  4.7451834e-004
  3.2981366e+002  4.7659118e-004
  3.3043478e+002  4.7979828e-004
  3.3105590e+002  4.8120356e-004
  3.3167702e+002  4.8010240e-004
  3.3229814e+002  4.7776235e-004
  3.3291925e+002  4.7432506e-004
  3.3354037e+002  4.7303954e-004
  3.3416149e+002  4.7377239e-004
  3.3478261e+002  4.7627814e-004
  3.3540373e+002  4.7691691e-004
  3.3602484e+002  4.7657969e-004
  3.3664596e+002  4.7645047e-004
  3.3726708e+002  4.7456051e-004
  3.3788820e+002  4.7324228e-004
  3.3850932e+002  4.7486638e-004
  3.3913043e+002  4.7507980e-004
  3.3975155e+002  4.7552381e-004
  3.4037267e+002  4.7578656e-004
  3.4099379e+002  4.7607635e-004
  3.4161491e+002  4.7539148e-004
  3.4223602e+002  4.7443130e-004
  3.4285714e+002  4.7493977e-004
  3.4347826e+002  4.7481448e-004
  3.4409938e+002  4.7351842e-004
  3.4472050e+002  4.7336231e-004
  3.4534161e+002  4.7419625e-004
  3.4596273e+002  4.7486314e-004
  3.4658385e+002  4.7458754e-004
  3.4720497e+002  4.7419220e-004
  3.4782609e+002  4.7527051e-004
  3.4844720e+002  4.7561396e-004
  3.4906832e+002  4.7543595e-004
  3.4968944e+002  4.7501587e-004
  3.5031056e+002  4.7389444e-004
  3.5093168e+002  4.7230724e-004
  3.5155280e+002  4.7087601e-004
  3.5217391e+002  4.7076437e-004
  3.5279503e+002  4.7054500e-004
  3.5341615e+002  4.7082560e-004
  3.5403727e+002  4.7106929e-004
  3.5465839e+002  4.7240996e-004
  3.5527950e+002  4.7364425e-004
  3.5590062e+002  4.7524064e-004
  3.5652174e+002  4.7483138e-004
  3.5714286e+002  4.7408474e-004
  3.5776398e+002  4.7369616e-004
  3.5838509e+002  4.7294060e-004
  3.5900621e+002  4.7206584e-004
  3.5962733e+002  4.7252809e-004
  3.6024845e+002  4.7241334e-004
  3.6086957e+002  4.7388498e-004
  3.6149068e+002  4.7358154e-004
  3.6211180e+002  4.7452402e-004
  3.6273292e+002  4.7466337e-004
  3.6335404e+002  4.7478137e-004
  3.6397516e+002  4.7516914e-004
  3.6459627e+002  4.7482070e-004
  3.6521739e+002  4.7562491e-004
  3.6583851e+002  4.7555489e-004
  3.6645963e+002  4.7511454e-004
  3.6708075e+002  4.7510913e-004
  3.6770186e+002  4.7394188e-004
  3.6832298e+002  4.7233265e-004
  3.6894410e+002  4.7160616e-004
  3.6956522e+002  4.7069706e-004
  3.7018634e+002  4.7115066e-004
  3.7080745e+002  4.7125257e-004
  3.7142857e+002  4.7190973e-004
  3.7204969e+002  4.7123311e-004
  3.7267081e+002  4.7061123e-004
  3.7329193e+002  4.6981256e-004
  3.7391304e+002  4.6980675e-004
  3.7453416e+002  4.6870221e-004
  3.7515528e+002  4.6953156e-004
  3.7577640e+002  4.7021683e-004
  3.7639752e+002  4.7033726e-004
  3.7701863e+002  4.6929449e-004
  3.7763975e+002  4.6773635e-004
  3.7826087e+002  4.6685888e-004
  3.7888199e+002  4.6775595e-004
  3.7950311e+002  4.6948547e-004
  3.8012422e+002  4.7136273e-004
  3.8074534e+002  4.7096008e-004
  3.8136646e+002  4.7044823e-004
  3.8198758e+002  4.6860949e-004
  3.8260870e+002  4.6740832e-004
  3.8322981e+002  4.6718003e-004
  3.8385093e+002  4.6655923e-004
  3.8447205e+002  4.6620322e-004
  3.8509317e+002  4.6625323e-004
  3.8571429e+002  4.6637014e-004
  3.8633540e+002  4.6863828e-004
  3.8695652e+002  4.6867572e-004
  3.8757764e+002  4.6980432e-004
  3.8819876e+002  4.7027130e-004
  3.8881988e+002  4.7076653e-004
  3.8944099e+002  4.7174578e-004
  3.9006211e+002  4.7239334e-004
  3.9068323e+002  4.7179106e-004
  3.9130435e+002  4.7161737e-004
  3.9192547e+002  4.7064300e-004
  3.9254658e+002  4.7053176e-004
  3.9316770e+002  4.6912595e-004
  3.9378882e+002  4.6782475e-004
  3.9440994e+002  4.6794518e-004
  3.9503106e+002  4.6915663e-004
  3.9565217e+002  4.6896916e-004
  3.9627329e+002  4.6809588e-004
  3.9689441e+002  4.6594600e-004
  3.9751553e+002  4.6362745e-004
  3.9813665e+002  4.6189387e-004
  3.9875776e+002  4.6147203e-004
  3.9937888e+002  4.6271200e-004
  4.0000000e+002  4.6373706e-004
  4.0000000e+002  4.6373706e-004
  4.0088496e+002  4.6459007e-004
  4.0176991e+002  4.6536305e-004
  4.0265487e+002  4.6488769e-004
  4.0353982e+002  4.6462088e-004
  4.0442478e+002  4.6398143e-004
  4.0530973e+002  4.6206769e-004
  4.0619469e+002  4.6025396e-004
  4.0707965e+002  4.5982266e-004
  4.0796460e+002  4.6055834e-004
  4.0884956e+002  4.6068485e-004
  4.0973451e+002  4.6175073e-004
  4.1061947e+002  4.6398184e-004
  4.1150442e+002  4.6420337e-004
  4.1238938e+002  4.6332320e-004
  4.1327434e+002  4.6333915e-004
  4.1415929e+002  4.6324454e-004
  4.1504425e+002  4.6110182e-004
  4.1592920e+002  4.5773793e-004
  4.1681416e+002  4.5533652e-004
  4.1769912e+002  4.5353590e-004
  4.1858407e+002  4.5323327e-004
  4.1946903e+002  4.5548695e-004
  4.2035398e+002  4.5851335e-004
  4.2123894e+002  4.5939406e-004
  4.2212389e+002  4.5759209e-004
  4.2300885e+002  4.5411804e-004
  4.2389381e+002  4.5126978e-004
  4.2477876e+002  4.5029635e-004
  4.2566372e+002  4.5015078e-004
  4.2654867e+002  4.5060749e-004
  4.2743363e+002  4.5064642e-004
  4.2831858e+002  4.4983653e-004
  4.2920354e+002  4.4925155e-004
  4.3008850e+002  4.4996129e-004
  4.3097345e+002  4.5248515e-004
  4.3185841e+002  4.5345913e-004
  4.3274336e+002  4.5195721e-004
  4.3362832e+002  4.5001130e-004
  4.3451327e+002  4.4751527e-004
  4.3539823e+002  4.4552691e-004
  4.3628319e+002  4.4486827e-004
  4.3716814e+002  4.4476595e-004
  4.3805310e+002  4.4514251e-004
  4.3893805e+002  4.4469810e-004
  4.3982301e+002  4.4450063e-004
  4.4070796e+002  4.4482732e-004
  4.4159292e+002  4.4454307e-004
  4.4247788e+002  4.4376955e-004
  4.4336283e+002  4.4382956e-004
  4.4424779e+002  4.4463296e-004
  4.4513274e+002  4.4523064e-004
  4.4601770e+002  4.4346868e-004
  4.4690265e+002  4.4175361e-004
  4.4778761e+002  4.3920407e-004
  4.4867257e+002  4.3705838e-004
  4.4955752e+002  4.3709433e-004
  4.5044248e+002  4.3858138e-004
  4.5132743e+002  4.3972349e-004
  4.5221239e+002  4.3848298e-004
  4.5309735e+002  4.3654977e-004
  4.5398230e+002  4.3560972e-004
  4.5486726e+002  4.3463683e-004
  4.5575221e+002  4.3375260e-004
  4.5663717e+002  4.3300665e-004
  4.5752212e+002  4.3260130e-004
  4.5840708e+002  4.3228394e-004
  4.5929204e+002  4.3198240e-004
  4.6017699e+002  4.3225434e-004
  4.6106195e+002  4.3212661e-004
  4.6194690e+002  4.3116589e-004
  4.6283186e+002  4.2886666e-004
  4.6371681e+002  4.2765480e-004
  4.6460177e+002  4.2706915e-004
  4.6548673e+002  4.2712605e-004
  4.6637168e+002  4.2775090e-004
  4.6725664e+002  4.2788768e-004
  4.6814159e+002  4.2793932e-004
  4.6902655e+002  4.2781429e-004
  4.6991150e+002  4.2645065e-004
  4.7079646e+002  4.2474883e-004
  4.7168142e+002  4.2233188e-004
  4.7256637e+002  4.1961135e-004
  4.7345133e+002  4.1681283e-004
  4.7433628e+002  4.1501384e-004
  4.7522124e+002  4.1645736e-004
  4.7610619e+002  4.1857683e-004
  4.7699115e+002  4.1934035e-004
  4.7787611e+002  4.2087308e-004
  4.7876106e+002  4.2172514e-004
  4.7964602e+002  4.2037947e-004
  4.8053097e+002  4.1736456e-004
  4.8141593e+002  4.1285369e-004
  4.8230088e+002  4.1002125e-004
  4.8318584e+002  4.0993326e-004
  4.8407080e+002  4.1130744e-004
  4.8495575e+002  4.1452739e-004
  4.8584071e+002  4.1581561e-004
  4.8672566e+002  4.1440277e-004
  4.8761062e+002  4.1178105e-004
  4.8849558e+002  4.0872005e-004
  4.8938053e+002  4.0661883e-004
  4.9026549e+002  4.0537292e-004
  4.9115044e+002  4.0454181e-004
  4.9203540e+002  4.0272227e-004
  4.9292035e+002  4.0226015e-004
  4.9380531e+002  4.0289081e-004
  4.9469027e+002  4.0309207e-004
  4.9557522e+002  4.0403955e-004
  4.9646018e+002  4.0484065e-004
  4.9734513e+002  4.0413578e-004
  4.9823009e+002  4.0200023e-004
  4.9911504e+002  3.9843725e-004
  5.0000000e+002  3.9696304e-004
  5.0000000e+002  3.9696304e-004
  5.0106383e+002  3.9546235e-004
  5.0212766e+002  3.9438552e-004
  5.0319149e+002  3.9447459e-004
  5.0425532e+002  3.9415628e-004
  5.0531915e+002  3.9377648e-004
  5.0638298e+002  3.9317285e-004
  5.0744681e+002  3.9276115e-004
  5.0851064e+002  3.9329138e-004
  5.0957447e+002  3.9386974e-004
  5.1063830e+002  3.9420859e-004
  5.1170213e+002  3.9427293e-004
  5.1276596e+002  3.9363077e-004
  5.1382979e+002  3.9263950e-004
  5.1489362e+002  3.9117341e-004
  5.1595745e+002  3.9045867e-004
  5.1702128e+002  3.9137507e-004
  5.1808511e+002  3.9122923e-004
  5.1914894e+002  3.9060059e-004
  5.2021277e+002  3.8977057e-004
  5.2127660e+002  3.8870550e-004
  5.2234043e+002  3.8743836e-004
  5.2340426e+002  3.8641600e-004
  5.2446809e+002  3.8556624e-004
  5.2553191e+002  3.8448522e-004
  5.2659574e+002  3.8210124e-004
  5.2765957e+002  3.8092101e-004
  5.2872340e+002  3.8088790e-004
  5.2978723e+002  3.8187106e-004
  5.3085106e+002  3.8288856e-004
  5.3191489e+002  3.8345569e-004
  5.3297872e+002  3.8202015e-004
  5.3404255e+002  3.8042997e-004
  5.3510638e+002  3.7941140e-004
  5.3617021e+002  3.8004368e-004
  5.3723404e+002  3.8074936e-004
  5.3829787e+002  3.8053202e-004
  5.3936170e+002  3.8002787e-004
  5.4042553e+002  3.7900321e-004
  5.4148936e+002  3.7751238e-004
  5.4255319e+002  3.7605521e-004
  5.4361702e+002  3.7471184e-004
  5.4468085e+002  3.7380180e-004
  5.4574468e+002  3.7211863e-004
  5.4680851e+002  3.7072715e-004
  5.4787234e+002  3.6994186e-004
  5.4893617e+002  3.6901195e-004
  5.5000000e+002  3.6755113e-004
  5.5106383e+002  3.6616707e-004
  5.5212766e+002  3.6554601e-004
  5.5319149e+002  3.6584404e-004
  5.5425532e+002  3.6788078e-004
  5.5531915e+002  3.7068903e-004
  5.5638298e+002  3.7166071e-004
  5.5744681e+002  3.7018569e-004
  5.5851064e+002  3.6822464e-004
  5.5957447e+002  3.6683383e-004
  5.6063830e+002  3.6566481e-004
  5.6170213e+002  3.6511674e-004
  5.6276596e+002  3.6516080e-004
  5.6382979e+002  3.6484303e-004
  5.6489362e+002  3.6319244e-004
  5.6595745e+002  3.6131127e-004
  5.6702128e+002  3.6024444e-004
  5.6808511e+002  3.5905948e-004
  5.6914894e+002  3.5809173e-004
  5.7021277e+002  3.5781802e-004
  5.7127660e+002  3.5812876e-004
  5.7234043e+002  3.5871996e-004
  5.7340426e+002  3.5839530e-004
  5.7446809e+002  3.5795575e-004
  5.7553191e+002  3.5763204e-004
  5.7659574e+002  3.5770084e-004
  5.7765957e+002  3.5769286e-004
  5.7872340e+002  3.5706315e-004
  5.7978723e+002  3.5643857e-004
  5.8085106e+002  3.5528307e-004
  5.8191489e+002  3.5258782e-004
  5.8297872e+002  3.4985107e-004
  5.8404255e+002  3.4774418e-004
  5.8510638e+002  3.4743588e-004
  5.8617021e+002  3.4819508e-004
  5.8723404e+002  3.4864881e-004
  5.8829787e+002  3.4825063e-004
  5.8936170e+002  3.4660612e-004
  5.9042553e+002  3.4497526e-004
  5.9148936e+002  3.4491579e-004
  5.9255319e+002  3.4492390e-004
  5.9361702e+002  3.4429013e-004
  5.9468085e+002  3.4315572e-004
  5.9574468e+002  3.4120535e-004
  5.9680851e+002  3.4017731e-004
  5.9787234e+002  3.3944379e-004
  5.9893617e+002  3.3884624e-004
  6.0000000e+002  3.3848374e-004
  6.0000000e+002  3.3848374e-004
  6.0277778e+002  3.3755896e-004
  6.0555556e+002  3.3666744e-004
  6.0833333e+002  3.3553438e-004
  6.1111111e+002  3.3445701e-004
  6.1388889e+002  3.3423210e-004
  6.1666667e+002  3.3334463e-004
  6.1944444e+002  3.3351034e-004
  6.2222222e+002  3.3353480e-004
  6.2500000e+002  3.3149995e-004
  6.2777778e+002  3.2793575e-004
  6.3055556e+002  3.2566909e-004
  6.3333333e+002  3.2275542e-004
  6.3611111e+002  3.2070232e-004
  6.3888889e+002  3.1881155e-004
  6.4166667e+002  3.1892292e-004
  6.4444444e+002  3.2003367e-004
  6.4722222e+002  3.2065636e-004
  6.5000000e+002  3.2051999e-004
  6.5277778e+002  3.1960305e-004
  6.5555556e+002  3.1789988e-004
  6.5833333e+002  3.1773445e-004
  6.6111111e+002  3.1535736e-004
  6.6388889e+002  3.1347024e-004
  6.6666667e+002  3.1231961e-004
  6.6944444e+002  3.1141376e-004
  6.7222222e+002  3.1094286e-004
  6.7500000e+002  3.1101341e-004
  6.7777778e+002  3.1181330e-004
  6.8055556e+002  3.1127779e-004
  6.8333333e+002  3.0772196e-004
  6.8611111e+002  3.0372835e-004
  6.8888889e+002  3.0001777e-004
  6.9166667e+002  2.9826067e-004
  6.9444444e+002  2.9884200e-004
  6.9722222e+002  3.0139452e-004
  7.0000000e+002  3.0403530e-004
  7.0277778e+002  3.0421493e-004
  7.0555556e+002  3.0131451e-004
  7.0833333e+002  2.9755337e-004
  7.1111111e+002  2.9596807e-004
  7.1388889e+002  2.9558529e-004
  7.1666667e+002  2.9580533e-004
  7.1944444e+002  2.9501748e-004
  7.2222222e+002  2.9429734e-004
  7.2500000e+002  2.9435289e-004
  7.2777778e+002  2.9393024e-004
  7.3055556e+002  2.9227600e-004
  7.3333333e+002  2.9124418e-004
  7.3611111e+002  2.8989716e-004
  7.3888889e+002  2.8900807e-004
  7.4166667e+002  2.8843769e-004
  7.4444444e+002  2.8820237e-004
  7.4722222e+002  2.8634796e-004
  7.5000000e+002  2.8382504e-004
  7.5277778e+002  2.8341063e-004
  7.5555556e+002  2.8455842e-004
  7.5833333e+002  2.8377922e-004
  7.6111111e+002  2.8205929e-004
  7.6388889e+002  2.7891909e-004
  7.6666667e+002  2.7570711e-004
  7.6944444e+002  2.7475260e-004
  7.7222222e+002  2.7596784e-004
  7.7500000e+002  2.7684693e-004
  7.7777778e+002  2.7737338e-004
  7.8055556e+002  2.7769655e-004
  7.8333333e+002  2.7744853e-004
  7.8611111e+002  2.7463717e-004
  7.8888889e+002  2.7261962e-004
  7.9166667e+002  2.7076345e-004
  7.9444444e+002  2.6898851e-004
  7.9722222e+002  2.6979543e-004
  8.0000000e+002  2.7160632e-004
  8.0277778e+002  2.7256394e-004
  8.0555556e+002  2.7258935e-004
  8.0833333e+002  2.7175621e-004
  8.1111111e+002  2.7017090e-004
  8.1388889e+002  2.6845327e-004
  8.1666667e+002  2.6717870e-004
  8.1944444e+002  2.6658643e-004
  8.2222222e+002  2.6620608e-004
  8.2500000e+002  2.6684364e-004
  8.2777778e+002  2.6798913e-004
  8.3055556e+002  2.6922964e-004
  8.3333333e+002  2.6950496e-004
  8.3611111e+002  2.6922991e-004
  8.3888889e+002  2.6706976e-004
  8.4166667e+002  2.6500477e-004
  8.4444444e+002  2.6482581e-004
  8.4722222e+002  2.6356962e-004
  8.5000000e+002  2.6089100e-004
  8.5277778e+002  2.5858650e-004
  8.5555556e+002  2.5700389e-004
  8.5833333e+002  2.5654556e-004
  8.6111111e+002  2.5730882e-004
  8.6388889e+002  2.5989310e-004
  8.6666667e+002  2.6273676e-004
  8.6944444e+002  2.6225194e-004
  8.7222222e+002  2.6013004e-004
  8.7500000e+002  2.5970509e-004
  8.7777778e+002  2.6010328e-004
  8.8055556e+002  2.6026777e-004
  8.8333333e+002  2.5986891e-004
  8.8611111e+002  2.5899806e-004
  8.8888889e+002  2.5773714e-004
  8.9166667e+002  2.5551806e-004
  8.9444444e+002  2.5485699e-004
  8.9722222e+002  2.5573743e-004
  9.0000000e+002  2.5622536e-004
  9.0277778e+002  2.5619157e-004
  9.0555556e+002  2.5609831e-004
  9.0833333e+002  2.5592639e-004
  9.1111111e+002  2.5501540e-004
  9.1388889e+002  2.5416023e-004
  9.1666667e+002  2.5390748e-004
  9.1944444e+002  2.5275334e-004
  9.2222222e+002  2.5060873e-004
  9.2500000e+002  2.4846183e-004
  9.2777778e+002  2.4737946e-004
  9.3055556e+002  2.4702277e-004
  9.3333333e+002  2.4652105e-004
  9.3611111e+002  2.4587322e-004
  9.3888889e+002  2.4567494e-004
  9.4166667e+002  2.4702750e-004
  9.4444444e+002  2.4890651e-004
  9.4722222e+002  2.5066645e-004
  9.5000000e+002  2.5194521e-004
  9.5277778e+002  2.5189736e-004
  9.5555556e+002  2.5056683e-004
  9.5833333e+002  2.4891287e-004
  9.6111111e+002  2.4763113e-004
  9.6388889e+002  2.4737338e-004
  9.6666667e+002  2.4732499e-004
  9.6944444e+002  2.4719388e-004
  9.7222222e+002  2.4679678e-004
  9.7500000e+002  2.4701817e-004
  9.7777778e+002  2.4760883e-004
  9.8055556e+002  2.4772142e-004
  9.8333333e+002  2.4751327e-004
  9.8611111e+002  2.4725133e-004
  9.8888889e+002  2.4699547e-004
  9.9166667e+002  2.4669608e-004
  9.9444444e+002  2.4671298e-004
  9.9722222e+002  2.4755922e-004
  1.0000000e+003  2.4737743e-004
  1.0000000e+003  2.4737743e-004
  1.0077519e+003  2.4676488e-004
  1.0155039e+003  2.4647645e-004
  1.0232558e+003  2.4567170e-004
  1.0310078e+003  2.4550045e-004
  1.0387597e+003  2.4640346e-004
  1.0465116e+003  2.4648023e-004
  1.0542636e+003  2.4541205e-004
  1.0620155e+003  2.4425913e-004
  1.0697674e+003  2.4361724e-004
  1.0775194e+003  2.4225401e-004
  1.0852713e+003  2.4130545e-004
  1.0930233e+003  2.4074723e-004
  1.1007752e+003  2.4028079e-004
  1.1085271e+003  2.3982083e-004
  1.1162791e+003  2.4086685e-004
  1.1240310e+003  2.4144736e-004
  1.1317829e+003  2.4196260e-004
  1.1395349e+003  2.4288210e-004
  1.1472868e+003  2.4427683e-004
  1.1550388e+003  2.4407652e-004
  1.1627907e+003  2.4453688e-004
  1.1705426e+003  2.4461460e-004
  1.1782946e+003  2.4447647e-004
  1.1860465e+003  2.4399110e-004
  1.1937984e+003  2.4363022e-004
  1.2015504e+003  2.4288170e-004
  1.2093023e+003  2.4145047e-004
  1.2170543e+003  2.4065613e-004
  1.2248062e+003  2.4065572e-004
  1.2325581e+003  2.4136005e-004
  1.2403101e+003  2.4202991e-004
  1.2480620e+003  2.4103107e-004
  1.2558140e+003  2.3761324e-004
  1.2635659e+003  2.3437518e-004
  1.2713178e+003  2.3398524e-004
  1.2790698e+003  2.3505653e-004
  1.2868217e+003  2.3507654e-004
  1.2945736e+003  2.3510316e-004
  1.3023256e+003  2.3399106e-004
  1.3100775e+003  2.3357868e-004
  1.3178295e+003  2.3398835e-004
  1.3255814e+003  2.3477337e-004
  1.3333333e+003  2.3670604e-004
  1.3410853e+003  2.3598644e-004
  1.3488372e+003  2.3322875e-004
  1.3565891e+003  2.2970644e-004
  1.3643411e+003  2.2770051e-004
  1.3720930e+003  2.2864759e-004
  1.3798450e+003  2.2903374e-004
  1.3875969e+003  2.3130364e-004
  1.3953488e+003  2.3325686e-004
  1.4031008e+003  2.3168209e-004
  1.4108527e+003  2.2701605e-004
  1.4186047e+003  2.2369487e-004
  1.4263566e+003  2.2411455e-004
  1.4341085e+003  2.2885709e-004
  1.4418605e+003  2.3462239e-004
  1.4496124e+003  2.3815402e-004
  1.4573643e+003  2.3640963e-004
  1.4651163e+003  2.3293085e-004
  1.4728682e+003  2.2919107e-004
  1.4806202e+003  2.2713716e-004
  1.4883721e+003  2.2505838e-004
  1.4961240e+003  2.2424160e-004
  1.5038760e+003  2.2323546e-004
  1.5116279e+003  2.2240989e-004
  1.5193798e+003  2.2251599e-004
  1.5271318e+003  2.2362472e-004
  1.5348837e+003  2.2357444e-004
  1.5426357e+003  2.2180194e-004
  1.5503876e+003  2.2074552e-004
  1.5581395e+003  2.2108531e-004
  1.5658915e+003  2.2163028e-004
  1.5736434e+003  2.2220958e-004
  1.5813953e+003  2.2123466e-004
  1.5891473e+003  2.1864173e-004
  1.5968992e+003  2.1574603e-004
  1.6046512e+003  2.1469313e-004
  1.6124031e+003  2.1553491e-004
  1.6201550e+003  2.1654457e-004
  1.6279070e+003  2.1659850e-004
  1.6356589e+003  2.1580713e-004
  1.6434109e+003  2.1469651e-004
  1.6511628e+003  2.1280925e-004
  1.6589147e+003  2.1163564e-004
  1.6666667e+003  2.1184555e-004
  1.6744186e+003  2.1315431e-004
  1.6821705e+003  2.1397015e-004
  1.6899225e+003  2.1379417e-004
  1.6976744e+003  2.1358859e-004
  1.7054264e+003  2.1297577e-004
  1.7131783e+003  2.1136559e-004
  1.7209302e+003  2.0815754e-004
  1.7286822e+003  2.0469551e-004
  1.7364341e+003  2.0305317e-004
  1.7441860e+003  2.0143529e-004
  1.7519380e+003  1.9942341e-004
  1.7596899e+003  1.9933677e-004
  1.7674419e+003  2.0055295e-004
  1.7751938e+003  2.0107170e-004
  1.7829457e+003  2.0027749e-004
  1.7906977e+003  1.9948531e-004
  1.7984496e+003  1.9821223e-004
  1.8062016e+003  1.9499147e-004
  1.8139535e+003  1.9258749e-004
  1.8217054e+003  1.9365405e-004
  1.8294574e+003  1.9659881e-004
  1.8372093e+003  1.9804787e-004
  1.8449612e+003  1.9768902e-004
  1.8527132e+003  1.9688576e-004
  1.8604651e+003  1.9608830e-004
  1.8682171e+003  1.9502229e-004
  1.8759690e+003  1.9392897e-004
  1.8837209e+003  1.9264047e-004
  1.8914729e+003  1.9155783e-004
  1.8992248e+003  1.9039234e-004
  1.9069767e+003  1.8982155e-004
  1.9147287e+003  1.9055885e-004
  1.9224806e+003  1.9173489e-004
  1.9302326e+003  1.9168502e-004
  1.9379845e+003  1.8947662e-004
  1.9457364e+003  1.8727606e-004
  1.9534884e+003  1.8710143e-004
  1.9612403e+003  1.8740243e-004
  1.9689922e+003  1.8624478e-004
  1.9767442e+003  1.8371645e-004
  1.9844961e+003  1.7992842e-004
  1.9922481e+003  1.7541403e-004
  2.0000000e+003  1.7283218e-004
  2.0000000e+003  1.7283218e-004
  2.0355085e+003  1.7454224e-004
  2.0710169e+003  1.7805035e-004
  2.1065254e+003  1.7974919e-004
  2.1420339e+003  1.7879522e-004
  2.1775424e+003  1.7632583e-004
  2.2130508e+003  1.7307087e-004
  2.2485593e+003  1.7052322e-004
  2.2840678e+003  1.6986876e-004
  2.3195763e+003  1.6995594e-004
  2.3550847e+003  1.6958749e-004
  2.3905932e+003  1.6819682e-004
  2.4261017e+003  1.6611966e-004
  2.4616102e+003  1.6427660e-004
  2.4971186e+003  1.6196804e-004
  2.5326271e+003  1.5989048e-004
  2.5681356e+003  1.5891448e-004
  2.6036441e+003  1.5796740e-004
  2.6391525e+003  1.5728200e-004
  2.6746610e+003  1.5673500e-004
  2.7101695e+003  1.5627856e-004
  2.7456780e+003  1.5616800e-004
  2.7811864e+003  1.5616219e-004
  2.8166949e+003  1.5598215e-004
  2.8522034e+003  1.5561019e-004
  2.8877119e+003  1.5501467e-004
  2.9232203e+003  1.5486478e-004
  2.9587288e+003  1.5290521e-004
  2.9942373e+003  1.4938561e-004
  3.0297458e+003  1.4671887e-004
  3.0652542e+003  1.4514600e-004
  3.1007627e+003  1.4370491e-004
  3.1362712e+003  1.4245075e-004
  3.1717797e+003  1.4187875e-004
  3.2072881e+003  1.4084679e-004
  3.2427966e+003  1.3967402e-004
  3.2783051e+003  1.3808805e-004
  3.3138136e+003  1.3643676e-004
  3.3493220e+003  1.3473759e-004
  3.3848305e+003  1.3217166e-004
  3.4203390e+003  1.2939020e-004
  3.4558475e+003  1.2860277e-004
  3.4913559e+003  1.2873988e-004
  3.5268644e+003  1.2889430e-004
  3.5623729e+003  1.2688431e-004
  3.5978814e+003  1.2506956e-004
  3.6333898e+003  1.2383314e-004
  3.6688983e+003  1.2132701e-004
  3.7044068e+003  1.1850285e-004
  3.7399153e+003  1.1658421e-004
  3.7754237e+003  1.1580667e-004
  3.8109322e+003  1.1491207e-004
  3.8464407e+003  1.1275359e-004
  3.8819492e+003  1.1152726e-004
  3.9174576e+003  1.0933252e-004
  3.9529661e+003  1.0699208e-004
  3.9884746e+003  1.0666430e-004
  4.0239831e+003  1.0714199e-004
  4.0594915e+003  1.0759206e-004
  4.0950000e+003  1.0631275e-004
  4.1305085e+003  1.0408269e-004
  4.1660169e+003  1.0234104e-004
  4.2015254e+003  1.0018264e-004
  4.2370339e+003  9.8329225e-005
  4.2725424e+003  9.5367935e-005
  4.3080508e+003  9.0670281e-005
  4.3435593e+003  8.7730333e-005
  4.3790678e+003  8.7236008e-005
  4.4145763e+003  8.8099310e-005
  4.4500847e+003  8.9444138e-005
  4.4855932e+003  9.0941388e-005
  4.5211017e+003  9.1012537e-005
  4.5566102e+003  8.8394827e-005
  4.5921186e+003  8.3487876e-005
  4.6276271e+003  7.9400124e-005
  4.6631356e+003  7.6445052e-005
  4.6986441e+003  7.4645365e-005
  4.7341525e+003  7.4492403e-005
  4.7696610e+003  7.5447413e-005
  4.8051695e+003  7.5706652e-005
  4.8406780e+003  7.4925879e-005
  4.8761864e+003  7.3936593e-005
  4.9116949e+003  7.3798161e-005
  4.9472034e+003  7.2783572e-005
  4.9827119e+003  6.8931555e-005
  5.0182203e+003  6.4501900e-005
  5.0537288e+003  6.2444285e-005
  5.0892373e+003  6.1949026e-005
  5.1247458e+003  6.1773236e-005
  5.1602542e+003  6.2096433e-005
  5.1957627e+003  6.1115973e-005
  5.2312712e+003  5.8788198e-005
  5.2667797e+003  5.6475844e-005
  5.3022881e+003  5.4359853e-005
  5.3377966e+003  5.2512117e-005
  5.3733051e+003  5.0707645e-005
  5.4088136e+003  4.8719625e-005
  5.4443220e+003  4.7763724e-005
  5.4798305e+003  4.7527367e-005
  5.5153390e+003  4.7957031e-005
  5.5508475e+003  4.6353166e-005
  5.5863559e+003  4.4046179e-005
  5.6218644e+003  4.4471288e-005
  5.6573729e+003  4.5656207e-005
  5.6928814e+003  4.6753257e-005
  5.7283898e+003  4.6883134e-005
  5.7638983e+003  4.5399319e-005
  5.7994068e+003  4.2338821e-005
  5.8349153e+003  3.9381842e-005
  5.8704237e+003  3.8687411e-005
  5.9059322e+003  3.8913900e-005
  5.9414407e+003  3.8559872e-005
  5.9769492e+003  3.7873550e-005
  6.0124576e+003  3.6382207e-005
  6.0479661e+003  3.4328323e-005
  6.0834746e+003  3.3296758e-005
  6.1189831e+003  3.2618289e-005
  6.1544915e+003  3.1577898e-005
  6.1900000e+003  3.0044628e-005
  6.2255085e+003  2.8348637e-005
  6.2610169e+003  2.7201036e-005
  6.2965254e+003  2.7155284e-005
  6.3320339e+003  2.8146422e-005
  6.3675424e+003  2.9341964e-005
  6.4030508e+003  2.8488718e-005
  6.4385593e+003  2.7311152e-005
  6.4740678e+003  2.6652159e-005
  6.5095763e+003  2.6164322e-005
  6.5450847e+003  2.5563056e-005
  6.5805932e+003  2.5217936e-005
  6.6161017e+003  2.4458275e-005
  6.6516102e+003  2.2599158e-005
  6.6871186e+003  2.1309962e-005
  6.7226271e+003  2.1731530e-005
  6.7581356e+003  2.2847233e-005
  6.7936441e+003  2.2869359e-005
  6.8291525e+003  2.1679344e-005
  6.8646610e+003  2.0321270e-005
  6.9001695e+003  1.9558028e-005
  6.9356780e+003  1.9853069e-005
  6.9711864e+003  2.0778994e-005
  7.0066949e+003  2.1670545e-005
  7.0422034e+003  2.1839186e-005
  7.0777119e+003  2.0483802e-005
  7.1132203e+003  1.8164031e-005
  7.1487288e+003  1.6201204e-005
  7.1842373e+003  1.5443732e-005
  7.2197458e+003  1.5331322e-005
  7.2552542e+003  1.5483282e-005
  7.2907627e+003  1.5938326e-005
  7.3262712e+003  1.5735420e-005
  7.3617797e+003  1.4625667e-005
  7.3972881e+003  1.3381689e-005
  7.4327966e+003  1.3142746e-005
  7.4683051e+003  1.3715835e-005
  7.5038136e+003  1.4313528e-005
  7.5393220e+003  1.4931785e-005
  7.5748305e+003  1.5246284e-005
  7.6103390e+003  1.4958488e-005
  7.6458475e+003  1.4802200e-005
  7.6813559e+003  1.5175649e-005
  7.7168644e+003  1.5573929e-005
  7.7523729e+003  1.5002795e-005
  7.7878814e+003  1.3650179e-005
  7.8233898e+003  1.2672641e-005
  7.8588983e+003  1.2333114e-005
  7.8944068e+003  1.2480516e-005
  7.9299153e+003  1.3248382e-005
  7.9654237e+003  1.3772028e-005
  8.0009322e+003  1.3264393e-005
  8.0364407e+003  1.2610392e-005
  8.0719492e+003  1.2776515e-005
  8.1074576e+003  1.3356552e-005
  8.1429661e+003  1.3306179e-005
  8.1784746e+003  1.2535785e-005
  8.2139831e+003  1.1707820e-005
  8.2494915e+003  1.0780458e-005
  8.2850000e+003  9.9940989e-006
  8.3205085e+003  9.8508603e-006
  8.3560169e+003  1.0345363e-005
  8.3915254e+003  1.1172776e-005
  8.4270339e+003  1.1626438e-005
  8.4625424e+003  1.1339011e-005
  8.4980508e+003  1.0841732e-005
  8.5335593e+003  1.0321834e-005
  8.5690678e+003  9.5790793e-006
  8.6045763e+003  8.9573966e-006
  8.6400847e+003  8.9360249e-006
  8.6755932e+003  9.2088089e-006
  8.7111017e+003  9.0343534e-006
  8.7466102e+003  8.6641844e-006
  8.7821186e+003  9.1637353e-006
  8.8176271e+003  9.4521885e-006
  8.8531356e+003  9.4960159e-006
  8.8886441e+003  9.8479368e-006
  8.9241525e+003  1.0059259e-005
  8.9596610e+003  9.9398032e-006
  8.9951695e+003  9.7670846e-006
